1.413892313400000100e+00
1.380910957714530207e+00
1.348030230397265106e+00
1.315250701762735064e+00
1.282572942125469684e+00
1.249997521799999900e+00
1.217512997202325753e+00
1.185059869154325929e+00
1.152567940933413082e+00
1.119997291960500352e+00
1.087338277800000030e+00
1.054606645412434096e+00
1.021914441926498718e+00
9.893911015370498996e-01
9.570122349935356043e-01
9.245996296000003056e-01
8.920819303493452423e-01
8.598419648934576554e-01
8.283469843516859665e-01
7.973944293058016219e-01
7.661119298000000910e-01
7.338913528511947781e-01
7.012980021563088862e-01
6.691653020737531321e-01
6.377461912660836729e-01
6.067131226999999960e-01
5.756856131905793150e-01
5.441723889804638281e-01
5.116899938920578261e-01
4.785718218737674556e-01
4.459681170000001638e-01
4.147273449705131121e-01
3.843487970949828192e-01
3.540188544518553249e-01
3.234847155442581723e-01
2.930543962999999086e-01
2.629888398158046203e-01
2.332631643988949954e-01
2.037759375147165375e-01
1.743085498074476714e-01
1.445252151000000207e-01
1.142765508995503693e-01
8.417916802794758735e-02
5.501816924457689217e-02
2.704951031280911425e-02
1.734723475976807094e-18
-2.651096502129909188e-02
-5.320161089323020842e-02
-8.083630138504079021e-02
-1.092992345049204894e-01
-1.375944424999999693e-01
-1.648555710233373106e-01
-1.908877916579695133e-01
-2.156623785559488582e-01
-2.391096908592960368e-01
-2.611191727000000129e-01
-2.820377622102239190e-01
-3.040494891767443475e-01
-3.296618963678440428e-01
-3.582600481124235126e-01
-3.861065302999998616e-01
-4.104129587501963994e-01
-4.327301087316493544e-01
-4.556591424898689957e-01
-4.810099559066355890e-01
-5.098011784999999518e-01
-5.418691101693258183e-01
-5.724583438807463454e-01
-5.959371284527206214e-01
-6.129201121732742452e-01
-6.302683428000001031e-01
-6.531991086083644982e-01
-6.792683296027977047e-01
-7.043241426930171301e-01
-7.289885411688032946e-01
-7.586573746999999424e-01
-7.965364843061767397e-01
-8.362414405136229245e-01
-8.692954277895211801e-01
-8.942408065779736681e-01
-9.166391133000001412e-01
-9.410851338709126379e-01
-9.670859259263265839e-01
-9.929141994994821196e-01
-1.017707107377223474e+00
-1.041466245100000076e+00
-1.064356845054595491e+00
-1.087048349142943016e+00
-1.110284485935222998e+00
-1.133618372659155327e+00
-1.155412515200000101e+00
-1.174833569659023302e+00
-1.194471855843681540e+00
-1.217639236080847009e+00
-1.244556984333353711e+00
-1.272355786199999894e+00
-1.298573413746840544e+00
-1.322913478537487864e+00
-1.345621052009945195e+00
-1.366941205602213660e+00
-1.387119010752296377e+00
-1.406399538898195356e+00
-1.425027861477912827e+00
-1.443249049929451688e+00
-1.461308175690812838e+00
-1.479450310200000285e+00
-1.497856288830532678e+00
-1.516450002697998345e+00
-1.535091106853503140e+00
-1.553639256348152475e+00
-1.571954106233052206e+00
-1.589895311559307522e+00
-1.607322527378024724e+00
-1.624095408740308333e+00
-1.640073610697265316e+00
-1.655116788300000641e+00
-1.669116141343030213e+00
-1.682089048594520131e+00
-1.694084433566043879e+00
-1.705151219769178050e+00
-1.715338330715496573e+00
-1.724694689916575818e+00
-1.733269220883990158e+00
-1.741110847129315742e+00
-1.748268492164127164e+00
-1.754791079499999906e+00
-1.760703200382545797e+00
-1.765932116993522483e+00
-1.770380759248721292e+00
-1.773952057063937104e+00
-1.776548940354962580e+00
-1.778074339037590823e+00
-1.778431183027615381e+00
-1.777522402240829802e+00
-1.775250926593026524e+00
-1.771519685999999538e+00
-1.766272624433285143e+00
-1.759617742087391079e+00
-1.751704053212569834e+00
-1.742680572059073230e+00
-1.732696312877152423e+00
-1.721900289917060345e+00
-1.710441517429046376e+00
-1.698469009663364337e+00
-1.686131780870264940e+00
-1.673578845300000228e+00
-1.660931522510312730e+00
-1.648200353288911568e+00
-1.635368183730996794e+00
-1.622417859931768014e+00
-1.609332227986425279e+00
-1.596094133990168196e+00
-1.582686424038197481e+00
-1.569091944225712298e+00
-1.555293540647912920e+00
-1.541274059399999841e+00
-1.527028545620163547e+00
-1.512600840618561149e+00
-1.498046984748342414e+00
-1.483423018362654000e+00
-1.468784981814645896e+00
-1.454188915457466313e+00
-1.439690859644263021e+00
-1.425346854728184898e+00
-1.411212941062381265e+00
-1.397345158999999670e+00
-1.383789987753331729e+00
-1.370555661971240902e+00
-1.357640855161732940e+00
-1.345044240832813820e+00
-1.332764492492489294e+00
-1.320800283648765783e+00
-1.309150287809649038e+00
-1.297813178483145036e+00
-1.286787629177260195e+00
-1.276072313399999825e+00
-1.265663762834807304e+00
-1.255549941866872965e+00
-1.245716673056824764e+00
-1.236149778965289103e+00
-1.226835082152895051e+00
-1.217758405180269232e+00
-1.208905570608039159e+00
-1.200262400996832568e+00
-1.191814718907277193e+00
-1.183548346899999881e+00
-1.175450485860538352e+00
-1.167513849974066265e+00
-1.159732531750668150e+00
-1.152100623700428317e+00
-1.144612218333429743e+00
-1.137261408159756737e+00
-1.130042285689493387e+00
-1.122948943432723556e+00
-1.115975473899531334e+00
-1.109115969599999696e+00
-1.102365438003705123e+00
-1.095722546418188115e+00
-1.089186877110480456e+00
-1.082758012347615040e+00
-1.076435534396623428e+00
-1.070219025524538292e+00
-1.064108067998391638e+00
-1.058102244085216137e+00
-1.052201136052043573e+00
-1.046404326165906618e+00
-1.040711396693836610e+00
-1.035121929902866889e+00
-1.029635508060028348e+00
-1.024251713432354993e+00
-1.018970128286877497e+00
-1.013790334890628975e+00
-1.008711915510641211e+00
-1.003734452413946654e+00
-9.988575278675775326e-01
-9.940807241385660742e-01
-9.894036234939442842e-01
-9.848258082007443903e-01
-9.803468605259988422e-01
-9.759663627367402006e-01
-9.716838971000000269e-01
-9.674987760795970004e-01
-9.634092329264928312e-01
-9.594132310884355697e-01
-9.555087340131732665e-01
-9.516937051484541943e-01
-9.479661079420258485e-01
-9.443239058416365017e-01
-9.407650622950340935e-01
-9.372875407499665634e-01
-9.338893046541819620e-01
-9.305683174554284509e-01
-9.273225426014537476e-01
-9.241499435400059026e-01
-9.210484837188331886e-01
-9.180161265856829900e-01
-9.150508355883039124e-01
-9.121505741744435625e-01
-9.093133057918502127e-01
-9.065369938882719136e-01
-9.038196019114560498e-01
-9.011590933091511157e-01
-8.985534315291050511e-01
-8.960005800190660175e-01
-8.934985022267816213e-01
-8.910451615999999131e-01
-8.886386830457666530e-01
-8.862778373083148864e-01
-8.839615565911759232e-01
-8.816887730978807403e-01
-8.794584190319604255e-01
-8.772694265969458449e-01
-8.751207279963679753e-01
-8.730112554337581265e-01
-8.709399411126471646e-01
-8.689057172365657333e-01
-8.669075160090452536e-01
-8.649442696336164804e-01
-8.630149103138105016e-01
-8.611183702531582940e-01
-8.592535816551909456e-01
-8.574194767234393222e-01
-8.556149876614345118e-01
-8.538390466727073802e-01
-8.520905859607892374e-01
-8.503685377292106162e-01
-8.486718341815031597e-01
-8.469994075211971785e-01
-8.453501899518239826e-01
-8.437231136769148820e-01
-8.421171109000000765e-01
-8.405313981544254576e-01
-8.389663292927924676e-01
-8.374225424975176857e-01
-8.359006759510164697e-01
-8.344013678357049546e-01
-8.329252563339992754e-01
-8.314729796283155672e-01
-8.300451759010698538e-01
-8.286424833346778263e-01
-8.272655401115557305e-01
-8.259149844141195906e-01
-8.245914544247852085e-01
-8.232955883259689411e-01
-8.220280243000863685e-01
-8.207894005295541806e-01
-8.195803551967876244e-01
-8.184015264842031678e-01
-8.172535525742165019e-01
-8.161370716492440947e-01
-8.150527218917015260e-01
-8.140011414840052639e-01
-8.129829686085709994e-01
-8.119988414478145344e-01
-8.110493981841523370e-01
-8.101352769999998760e-01
-8.092563990307592992e-01
-8.084098172237729196e-01
-8.075918674793687302e-01
-8.067988856978753898e-01
-8.060272077796204471e-01
-8.052731696249324500e-01
-8.045331071341393914e-01
-8.038033562075698191e-01
-8.030802527455511708e-01
-8.023601326484121055e-01
-8.016393318164806159e-01
-8.009141861500848059e-01
-8.001810315495527792e-01
-7.994362039152129729e-01
-7.986760391473936016e-01
-7.978968731464221031e-01
-7.970950418126273584e-01
-7.962668810463369162e-01
-7.954087267478796575e-01
-7.945169148175832419e-01
-7.935877811557756623e-01
-7.926176616627856886e-01
-7.916028922389410916e-01
-7.905398087845696420e-01
-7.894247471999999988e-01
-7.882553779542494921e-01
-7.870347097910923573e-01
-7.857670860229916121e-01
-7.844568499624108293e-01
-7.831083449218135817e-01
-7.817259142136631089e-01
-7.803139011504227618e-01
-7.788766490445558910e-01
-7.774185012085264024e-01
-7.759438009547967585e-01
-7.744568915958309763e-01
-7.729621164440921843e-01
-7.714638188120440665e-01
-7.699663420121498625e-01
-7.684740293568729230e-01
-7.669912241586767099e-01
-7.655222697300243517e-01
-7.640715093833797544e-01
-7.626432864312057136e-01
-7.612419441859661351e-01
-7.598718259601241476e-01
-7.585372750661431018e-01
-7.572426348164865706e-01
-7.559922485236175715e-01
-7.547904595000000105e-01
-7.536406817031525707e-01
-7.525426116708163748e-01
-7.514950165857883224e-01
-7.504966636308649797e-01
-7.495463199888429129e-01
-7.486427528425192435e-01
-7.477847293746909818e-01
-7.469710167681540280e-01
-7.462003822057056146e-01
-7.454715928701424188e-01
-7.447834159442611179e-01
-7.441346186108585004e-01
-7.435239680527313544e-01
-7.429502314526762463e-01
-7.424121759934901865e-01
-7.419085688579696303e-01
-7.414381772289112549e-01
-7.409997682891121817e-01
-7.405921092213688661e-01
-7.402139672084780964e-01
-7.398641094332364387e-01
-7.395413030784410147e-01
-7.392443153268883904e-01
-7.389719133613750213e-01
-7.387228643646981396e-01
-7.384959355196542008e-01
-7.382898940090398821e-01
-7.381035070156520828e-01
-7.379355417222872582e-01
-7.377847653117424187e-01
-7.376499449668143527e-01
-7.375298478702995153e-01
-7.374232412049949170e-01
-7.373288921536969021e-01
-7.372455678992028139e-01
-7.371720356243088856e-01
-7.371070625118121278e-01
-7.370494157445091066e-01
-7.369978625051967214e-01
-7.369511699766713164e-01
-7.369081053417300131e-01
-7.368674357831695998e-01
-7.368279284837864207e-01
-7.367883506263777083e-01
-7.367474693937398067e-01
-7.367040519686695044e-01
-7.366568655339638116e-01
-7.366046772724190728e-01
-7.365462543668321871e-01
-7.364803640000000540e-01
-7.364060118896788021e-01
-7.363231578934615884e-01
-7.362320004039017984e-01
-7.361327378135523736e-01
-7.360255685149660332e-01
-7.359106909006960517e-01
-7.357883033632951486e-01
-7.356586042953164872e-01
-7.355217920893128980e-01
-7.353780651378374333e-01
-7.352276218334432567e-01
-7.350706605686826434e-01
-7.349073797361095339e-01
-7.347379777282762037e-01
-7.345626529377358160e-01
-7.343816037570415345e-01
-7.341950285787460784e-01
-7.340031257954026112e-01
-7.338060937995640742e-01
-7.336041309837830759e-01
-7.333974357406132238e-01
-7.331862064626069042e-01
-7.329706415423175025e-01
-7.327509393722977382e-01
-7.325272983451007747e-01
-7.322999168532794423e-01
-7.320689932893867935e-01
-7.318347260459755477e-01
-7.315973135155992013e-01
-7.313569540908102518e-01
-7.311138461641619735e-01
-7.308681881282068638e-01
-7.306201783754985302e-01
-7.303700152985898031e-01
-7.301178972900332909e-01
-7.298640227423822679e-01
-7.296085900481896758e-01
-7.293517976000081227e-01
-7.290938437903913272e-01
-7.288349270118914536e-01
-7.285752456570621094e-01
-7.283149981184560140e-01
-7.280543827886258867e-01
-7.277935980601253352e-01
-7.275328423255066346e-01
-7.272723139773231704e-01
-7.270122114081277731e-01
-7.267527330104733840e-01
-7.264940771769132777e-01
-7.262364422999999514e-01
-7.259800267722866796e-01
-7.257250289863265147e-01
-7.254716473346721761e-01
-7.252200802098769383e-01
-7.249705260044934096e-01
-7.247231831110747535e-01
-7.244782499221740224e-01
-7.242359248303440467e-01
-7.239964062281378787e-01
-7.237598925081083490e-01
-7.235265820628086209e-01
-7.232966732847916358e-01
-7.230703645666103352e-01
-7.228478543008177715e-01
-7.226293408799666640e-01
-7.224150226966102872e-01
-7.222050981433012495e-01
-7.219997656125929364e-01
-7.217992234970380672e-01
-7.216036701891896943e-01
-7.214133040816009812e-01
-7.212283235668244252e-01
-7.210489270374134119e-01
-7.208753128859206605e-01
-7.207076795048993345e-01
-7.205462252869023754e-01
-7.203911486244825024e-01
-7.202426479101931012e-01
-7.201009215365870020e-01
-7.199661678962169242e-01
-7.198385853816360314e-01
-7.197183723853972648e-01
-7.196057273000537879e-01
-7.195008485181584312e-01
-7.194039344322641361e-01
-7.193151834349238438e-01
-7.192347939186906070e-01
-7.191629642761173669e-01
-7.190998928997570649e-01
-7.190457781821626426e-01
-7.190008185158871523e-01
-7.189652122934837575e-01
-7.189391579075049554e-01
-7.189228537505041317e-01
-7.189164982150341165e-01
-7.189202896936478515e-01
-7.189344265788982780e-01
-7.189591072633384483e-01
-7.189945301395214150e-01
-7.190408936000000084e-01
