# Times [fs]	Laser	Molecule-Driving	Mean-Field	Cavity-Driving
0.0	0.0	1.0022602916921086E-4	0.0	1.0076852396547998E-4
2.0	0.00288894373957881	0.0029970127206725987	0.0029150045588751403	1.0076303757449493E-4
4.0	0.03712034169739309	0.03728166947734219	0.037310848488153754	1.0162690989318274E-4
6.0	0.12928041921303518	0.12950581544604686	0.12977869441553264	1.0168767017016596E-4
8.0	0.23705106691698402	0.2374312511902999	0.2379143106769875	1.0450907512800156E-4
10.0	0.2862220168476021	0.2867883639721645	0.28735350094444473	1.1390717715619475E-4
12.0	0.29228728935841064	0.29276612201036484	0.2933578097233092	1.2855528131323654E-4
14.0	0.3787033735739882	0.3783423866819126	0.37904573859502233	1.4030330218644686E-4
16.0	0.6178335249521977	0.6157207591046793	0.61669608418689	1.4238590189821757E-4
18.0	0.9114822837608725	0.9074788713758204	0.9087540142240895	1.478798810106971E-4
20.0	1.0967568986656009	1.0918251232175231	1.093233979730734	1.891615736366691E-4
22.0	1.1363665868142387	1.1314714068059613	1.1328689377864818	2.7614519933994103E-4
24.0	1.1612696342071471	1.1559085392842117	1.157273583624791	3.714332711097851E-4
26.0	1.3597642386641229	1.3512274109986993	1.3526693944367894	4.151464960540303E-4
28.0	1.7947914734970762	1.7793972369309226	1.781263023225258	4.194630746132341E-4
30.0	2.2709754813987697	2.248316634379256	2.2507980395350144	4.961364277821208E-4
32.0	2.4936960516227713	2.4684433631282423	2.4713620266103105	7.448939115050582E-4
34.0	2.515452047840763	2.4896467230065946	2.4927047298552933	0.0011089163646017693
36.0	2.7516040539109716	2.7170841368006973	2.7201387702140183	0.0013858710924678005
38.0	3.3508167388822057	3.2972365745835157	3.300612624200702	0.0014568223170518205
40.0	3.987196263084224	3.9146797553114174	3.9186931479062697	0.0014971655328989005
42.0	4.3568059318163135	4.273368079153851	4.277769466992949	0.0018359155580692371
44.0	4.44863748142912	4.36302108042076	4.36762331603361	0.002555948131121103
46.0	4.455601160257732	4.370256276352773	4.374826669470071	0.0033114954383193468
48.0	4.664249481802843	4.569943234717994	4.574311227482945	0.0036778440088611306
50.0	5.215177451086116	5.095182686886792	5.0994443807432095	0.0037140694267053936
52.0	5.949769939832381	5.79226166857008	5.796814054007966	0.004034176009052769
54.0	6.433183858691318	6.2470323662264065	6.252912082959927	0.005153757321622055
56.0	6.469564357527822	6.2785517858968936	6.2867990897327735	0.006789404298841937
58.0	6.635093379700771	6.431805318326007	6.44140087215388	0.008023106814247519
60.0	7.434512584047513	7.17628435037791	7.185994968131662	0.00836166110556927
62.0	8.44216374286443	8.111737089007361	8.12257705724222	0.008485783009228315
64.0	9.087163164260064	8.704146888071465	8.716479903910832	0.009622178153076226
66.0	9.280441347710061	8.877525970928088	8.891683118206329	0.012044428239605519
68.0	9.199266456374247	8.80366891523801	8.8193891480057	0.014555050458851653
70.0	9.209585618045054	8.818976411241282	8.835637034246789	0.01578462266346328
72.0	9.563736129630573	9.152000193747694	9.168611767469354	0.015909870648856926
74.0	10.18969395097781	9.7229071771778	9.738452460145092	0.016715905454726097
76.0	10.721164543640977	10.188838475313187	10.202985096524296	0.01966967525584465
78.0	10.742790999038464	10.177907938684779	10.193999785974347	0.024021037262805273
80.0	10.345150816502036	9.8068918864015	9.832137274779353	0.027327718608337357
82.0	10.362783358044805	9.84587111439904	9.87977341694812	0.028262657899045803
84.0	11.17273631882077	10.586810063244044	10.622075187146464	0.028539610107551166
86.0	12.052322685000222	11.346832217190922	11.382089315566501	0.031178636002970682
88.0	12.377443051274158	11.59210481956193	11.63020624078867	0.03680615054793712
90.0	12.173671398913868	11.382960348740138	11.424675904503777	0.042598879489163195
92.0	11.818789510239727	11.064853776344883	11.110457765817518	0.04545089834626829
94.0	11.692667460981708	10.980733277141177	11.030889424345544	0.0457522717637008
96.0	11.890576399431161	11.190200202617016	11.24300177698995	0.04732020928416541
98.0	12.207968199522725	11.457824731158178	11.510675860644968	0.05328323223134452
100.0	12.218039839361417	11.40391368465826	11.453437879985936	0.06219180100834642
102.0	11.651411300001813	10.822442873671111	10.871501859839206	0.06904754059658137
104.0	10.665474913636803	9.94183596845062	10.004446593000543	0.07104615362824106
106.0	10.008727044919972	9.473962725900089	9.5555197565138	0.07155034023902224
108.0	10.133073506408813	9.66235261759538	9.750751820931963	0.07654482385900367
110.0	10.388877731594752	9.832792641252361	9.921022302502264	0.0872090868175292
112.0	10.113528684509506	9.502223158580835	9.591542983575257	0.09811115777002759
114.0	9.463540528967494	8.897753704775429	8.987933481741278	0.10349315850275036
116.0	8.888428169109181	8.41985103257812	8.511588499632568	0.1040827706206533
118.0	8.651994954571766	8.266703290514034	8.362982796260276	0.10667171766863946
120.0	8.700356821301078	8.326079473567889	8.428479431562646	0.11687716069154173
122.0	8.701064911479776	8.274815150641176	8.37790839477359	0.13239742524623538
124.0	8.346745457078606	7.862709038755488	7.961105402897113	0.14455765151724617
126.0	7.56125502851275	7.06554558820353	7.1564021119936925	0.14821638956633917
128.0	6.582285388256146	6.216333683283846	6.306216546013479	0.14902234898107825
130.0	6.036196588634266	5.846672684361387	5.946646159625422	0.15729847433453625
132.0	6.0028619517048165	5.837169575880626	5.947022119803575	0.17500844234930227
134.0	5.823741789485732	5.577679432591326	5.691593561442749	0.19299028909541283
136.0	5.206835261747888	4.952660052932924	5.064124066811217	0.2018779869599425
138.0	4.516959416405498	4.343589049575529	4.446359350868127	0.20288436803550244
140.0	4.104401921724399	4.025214796823112	4.122587887547624	0.20667624633711804
142.0	4.003847031287456	3.9685904466288453	4.067910167415753	0.22221250759880878
144.0	3.9956440306886325	3.9371988558965145	4.041516263034858	0.2463781496131393
146.0	3.813311116625595	3.6990695264474	3.8065950699928797	0.2657576611384176
148.0	3.3481538406138047	3.1955160699964655	3.2909345886474184	0.27180620438830994
150.0	2.718292265100559	2.6110262254321945	2.680688634335646	0.27296298998066004
152.0	2.2840009624529087	2.277602798259208	2.3373278785460796	0.2854076462738498
154.0	2.1914721504379266	2.224597462499426	2.2932457080444038	0.3121778646057617
156.0	2.134007655639404	2.116421588114035	2.1906425756803607	0.33919138031823554
158.0	1.819003455318719	1.7623776916932685	1.8306946246691203	0.35254537109204
160.0	1.3657902750086885	1.3421334136831413	1.3967853413130351	0.35410750435324045
162.0	1.0475359224508407	1.0873023594378879	1.1278446702881708	0.3591389602629107
164.0	0.9467992339915874	1.021753485609459	1.059476059743836	0.380709970772334
166.0	0.9395764923165042	1.00373563614915	1.0484248079001415	0.41522443768015566
168.0	0.8571009267417095	0.8927809050533476	0.9344789290409091	0.44373158947213664
170.0	0.6434964812577908	0.675113724242069	0.6876877400513965	0.4530289536948999
172.0	0.3979891388303408	0.45952887629943373	0.4386539725705875	0.45451770166534955
174.0	0.2546823881358501	0.3495133207415596	0.3179088907258378	0.4717895065486997
176.0	0.2266026791578104	0.3279573407594921	0.3036680254389298	0.5094122027911585
178.0	0.21645330742750526	0.3035890584042219	0.2810304436492652	0.5472380265071004
180.0	0.1616598973216124	0.24461987806449229	0.21246714549875123	0.565954180545929
182.0	0.09725028296389474	0.1986312409403182	0.1494589055928581	0.568209140110911
184.0	0.07113978065694103	0.19293256612152263	0.12631527890590405	0.5742839920266787
186.0	0.07219351260584922	0.19470708246713717	0.12408304421830282	0.601949315685398
188.0	0.07336074666776728	0.18956019560562457	0.12599752288274088	0.647795337594858
190.0	0.09744119378296226	0.22921164501988187	0.15634071615897321	0.6870843672784946
192.0	0.19341729908873653	0.3551040739714587	0.2511692336132954	0.7005899386121698
194.0	0.34331818836085076	0.513518560707213	0.3855758904822864	0.7022350721154402
196.0	0.4580010895626474	0.608038031432726	0.4788079798551758	0.7244416268593539
198.0	0.4876581896688725	0.6192925952328125	0.4966999149141746	0.7741615662990755
200.0	0.5027888577186274	0.6415636173672049	0.5221341206574038	0.8242764982791337
202.0	0.6374664440229747	0.8041600482833627	0.6875524312669803	0.8491701984962234
204.0	0.9428146902318043	1.1296749120520644	1.012676917188959	0.8522320040746946
206.0	1.2797488748243986	1.4517766777896999	1.3240943476750908	0.8588255719751268
208.0	1.4411602159491728	1.5733178617739072	1.4384896949145762	0.8917535709809992
210.0	1.4563733096275657	1.5837233153724999	1.4570581311896182	0.9487807154551382
212.0	1.615969614741249	1.796922976896303	1.6676593929559407	0.9998695609884215
214.0	2.05818303869227	2.280116078300062	2.128422303254733	1.0185097511553267
216.0	2.568405708697749	2.761782677909217	2.596444432687144	1.0198218612675995
218.0	2.881230864247765	3.01726489135657	2.852530772400002	1.0460404835890624
220.0	2.961101862647993	3.06248278987485	2.9000873167210064	1.108069149594786
222.0	2.974468600907178	3.085919276168102	2.9284138164984217	1.17148018241439
224.0	3.1723961183086673	3.3238648579318415	3.173191980785499	1.2032904187681894
226.0	3.682985236436501	3.851502203115534	3.7158916463141898	1.2071982412025801
228.0	4.349357450535883	4.457385402964426	4.344251807925687	1.2133361736794512
230.0	4.763549153975022	4.7661001739480415	4.658459302911241	1.2496540598509789
232.0	4.807869189041179	4.7731506090888125	4.678072545526151	1.3162217262508038
234.0	5.012674511599901	5.02305773956514	4.970665251793976	1.3790054471635578
236.0	5.742971468685587	5.76036413899568	5.731409618961638	1.403392745459516
238.0	6.609051853696504	6.5425809388565925	6.503014918193196	1.4033429152047672
240.0	7.156836092098902	6.988023547685146	6.942682608141264	1.4310407023481693
242.0	7.329274833026044	7.086611497496329	7.041864179513982	1.503889221623054
244.0	7.29510312672863	7.043085385686474	7.0094566525052855	1.580856685412131
246.0	7.381990332536335	7.169548764580893	7.149571238217628	1.620195013913978
248.0	7.816875290507021	7.6187876524644755	7.617833532245897	1.624781740355121
250.0	8.510527161706943	8.241344997432567	8.263162337986092	1.6289147315307813
252.0	9.085579493816802	8.653348508311344	8.701073745118274	1.6656898163483704
254.0	9.155622282485481	8.602238817690877	8.654418186378601	1.7385620318001316
256.0	8.983663162410425	8.472803278988351	8.558220442542643	1.8113564153665993
258.0	9.388831247697855	8.89278488700398	9.102724919462458	1.8413519689968367
260.0	10.416138517331902	9.733406909029483	10.057807879890367	1.8381702561249476
262.0	11.283721824863948	10.36153294380117	10.71221224740803	1.862735912769864
264.0	11.598370389977598	10.513377345736618	10.868930000576878	1.9424457792891487
266.0	11.463346409481058	10.330252934992002	10.69086696392017	2.0319799089326804
268.0	11.250107110970223	10.169281122992189	10.541545924873015	2.079130002257047
270.0	11.303377765445102	10.29141451967318	10.681808350072517	2.083819531328099
272.0	11.674035948446877	10.657031449999648	11.062926114387134	2.0837065767993206
274.0	12.101575418766398	10.962778312519717	11.375536320087518	2.1170716974165393
276.0	12.157167539144378	10.855742925720278	11.259110356061246	2.1916431110017642
278.0	11.623890933792515	10.313232192885586	10.664635860245939	2.2710390194757624
280.0	10.880988413368888	9.831707454649393	10.141133276691482	2.305348743766108
282.0	10.7308280917977	9.9156028863833	10.276753055973902	2.2964993747650926
284.0	11.237723120149049	10.329951775029443	10.765929743534473	2.3112699120240325
286.0	11.603395023232773	10.461381612349493	10.916492052374927	2.3908248098621634
288.0	11.387564921509856	10.134729018536307	10.58698758104979	2.489958162083582
290.0	10.842871873379108	9.653274498681032	10.096711037814442	2.544491775357724
292.0	10.400763446959902	9.373051618609033	9.8051226858744	2.5480853922885154
294.0	10.289532953639926	9.396484411297635	9.830400611031736	2.5407573165734245
296.0	10.432833862228193	9.526245645158737	9.967918837755304	2.566149179347456
298.0	10.463195904836782	9.422521193741165	9.864265915743992	2.6369771377566584
300.0	10.06442414069587	8.892941829933369	9.31261463877267	2.7182093771911133
302.0	9.178451609251363	8.066510286270725	8.42071351287817	2.7543093676233754
304.0	8.167383600627362	7.445441066481714	7.73374949250107	2.7368289455105175
306.0	7.7271730178466065	7.350870768543269	7.63215851646802	2.733974904337344
308.0	7.789718838297931	7.376485868146945	7.673690579965442	2.803469849057004
310.0	7.596750228144064	7.0327827614760725	7.319283986824563	2.906601652210357
312.0	6.947881635065028	6.418178220518721	6.6792697158027465	2.9669153067227216
314.0	6.258937411699374	5.910912404373495	6.143872137505583	2.9675358978289474
316.0	5.861954104180001	5.706916768930328	5.921969687995724	2.949445036427604
318.0	5.786591075800092	5.705731501307209	5.918930475073665	2.9619989388155896
320.0	5.788258420263846	5.634979601842228	5.859273630002466	3.0234966894599435
322.0	5.571462954963804	5.284131099564482	5.51647977072103	3.1012945829445075
324.0	5.023424184597327	4.653485544419636	4.85953622518626	3.135886180872057
326.0	4.252883665510178	4.026998850865821	4.17305083840674	3.1071169333208837
328.0	3.7036117294932778	3.7523177684532567	3.868315476589091	3.0794509904028295
330.0	3.588771948208559	3.7155783110979423	3.847702500562366	3.12759000693719
332.0	3.5109614034235492	3.5041463673404656	3.647830793591278	3.2265557690776103
334.0	3.096412048251922	3.036434641616339	3.1604398901780595	3.2896191212547023
336.0	2.519729333852882	2.5835379857357914	2.6697440633992056	3.284991433439423
338.0	2.1228836488254386	2.3525955110904944	2.40924893030122	3.2525057826570696
340.0	1.996563136548978	2.307583369395156	2.3614543295485784	3.2476807900976
342.0	1.9889277374846475	2.2660793339388583	2.336107234210546	3.29490590072009
344.0	1.884482153208602	2.0806484752796233	2.152348216236292	3.364533123525124
346.0	1.5858116640052715	1.7503000619257711	1.7740454991395749	3.3944046975356303
348.0	1.1902253796125184	1.4242934989156861	1.3929895157652192	3.352870726960936
350.0	0.9177627206207302	1.2641549659756048	1.2179862449541272	3.2960620431908585
352.0	0.8506827002165863	1.2323479461713744	1.2025388936955712	3.3130609916819367
354.0	0.8316868862138267	1.152414370968348	1.1310965807558593	3.398558153281817
356.0	0.6935466911381006	0.9730077930453725	0.9372966565620061	3.4602001561435105
358.0	0.4740456376077145	0.8052430558177277	0.7350454002551187	3.448287521639778
360.0	0.31253650037074143	0.7297448898600396	0.6263313360735464	3.3986265480547804
362.0	0.2589638124138088	0.7111309427657294	0.604105007516794	3.3731370786394868
364.0	0.25572151991515946	0.6923782858776982	0.5982684170008006	3.4026590773966405
366.0	0.23723735087299394	0.6754597180567911	0.5563016036434256	3.460833070069473
368.0	0.20607083761257772	0.683234713622242	0.4969499052881999	3.4837234174521927
370.0	0.19837829339819843	0.7065167108261722	0.4765556995024864	3.4297284035845386
372.0	0.216388574401338	0.719983185291675	0.4931764653772416	3.343999399170511
374.0	0.2265806627475535	0.7118272001619537	0.49962689470895516	3.3249774717025913
376.0	0.2318554060458068	0.7129090237213775	0.5022842310290259	3.389299448932783
378.0	0.292714976339126	0.7951722385998539	0.5751754980402666	3.4451695128476327
380.0	0.45116317375620213	0.9838492917060918	0.7401395830341615	3.4249295441945824
382.0	0.6425095860313532	1.1744387309010207	0.898612281096189	3.35736659428496
384.0	0.7450589298405322	1.2348375520287145	0.952446017802962	3.310349182236895
386.0	0.7554700055189735	1.23764342020319	0.9645573116833974	3.321190882994346
388.0	0.8436577384313363	1.406611936129489	1.0980881315618958	3.3667135527260466
390.0	1.132886601050464	1.7691441690006147	1.3952828125978747	3.3817817045550824
392.0	1.5100792253135709	2.1113440257591014	1.7113930530751609	3.3174231285935476
394.0	1.765922429855801	2.277818801931627	1.8848194895316723	3.207994437254933
396.0	1.8347491874700435	2.2948405080286287	1.9104020538480704	3.1553673427855555
398.0	1.8469741530649075	2.323300892463208	1.9440161311062418	3.1953946261330697
400.0	2.0117154159680166	2.5473376685113975	2.1773849322049204	3.24231403222288
402.0	2.4422143975999675	2.9959864148673265	2.6483651479184926	3.214185863847068
404.0	2.994146753068881	3.4560381507834093	3.111345386184203	3.131019181754516
406.0	3.322477522158907	3.6435755150101112	3.2832892679256758	3.0651350479716837
408.0	3.360840931332295	3.6430998740139744	3.3082945200146536	3.059598376819188
410.0	3.5382828495215484	3.9030027115412946	3.6069750505270695	3.0936831502736766
412.0	4.130166441950002	4.536961671186509	4.2196682778334145	3.101457851603802
414.0	4.841277743707701	5.1547328343930925	4.78977530187956	3.03012228019254
416.0	5.301641277250138	5.478895827138478	5.091380004798385	2.9063748074228415
418.0	5.451908417147635	5.527073248656202	5.139418689171573	2.8301747687880248
420.0	5.4429827149017695	5.509888713486149	5.144485143516758	2.8491209834699895
422.0	5.569374262170575	5.699105044207558	5.3667264438756	2.8861757744794416
424.0	6.0313530267873245	6.181180526053019	5.891521326053485	2.8520177061850083
426.0	6.738016978414921	6.7544121331269755	6.525403264776187	2.7587255039181495
428.0	7.306273502497163	7.051735222792377	6.860294036155183	2.680698267362922
430.0	7.401350097525706	6.9903049813044875	6.824041863085809	2.664775053139092
432.0	7.405723670477214	7.039754005264588	7.031364367716323	2.6910413684806094
434.0	8.008309512570868	7.581217679039624	7.811397055795147	2.6930390140794693
436.0	9.03457991130761	8.318428277395663	8.65401327756003	2.6187149285526585
438.0	9.799430774362346	8.790284869701381	9.116026937106858	2.492656200603488
440.0	10.084678807954807	8.866431545995688	9.193315420691889	2.4088114463071326
442.0	10.007575417017302	8.725369288032352	9.081631708154426	2.4158674797872064
444.0	9.9134104238316	8.701986278227505	9.1094072564497	2.444717655820226
446.0	10.113141839932164	8.971444750565999	9.43530728971436	2.407271422223537
448.0	10.628335749827476	9.417575262871598	9.932120566668393	2.3116137744207585
450.0	11.153078784697824	9.698928123136712	10.250599244066105	2.231737954179863
452.0	11.260489476294573	9.560924715809021	10.08685198310763	2.2148218649348554
454.0	10.836648426818972	9.210691498431398	9.68610508194069	2.238930270400847
456.0	10.481639645671157	9.152972196984262	9.772515803023264	2.2371443087173035
458.0	10.877472385851645	9.533347993613221	10.442311849558756	2.1638113596753557
460.0	11.677691675231813	9.957515287362945	11.016879334941764	2.0483879217749523
462.0	12.10113765539964	10.02483393903815	11.106586445748441	1.9756590799258065
464.0	11.9516508448494	9.734860849279821	10.82609183072413	1.983627332108937
466.0	11.535337755629751	9.415201218184903	10.516305947512015	2.007830521395812
468.0	11.264815138800154	9.344280628156476	10.46906357014646	1.9699553059392996
470.0	11.315738280377992	9.523743657494645	10.673557379461256	1.8802566856117477
472.0	11.57327642383955	9.690836424850794	10.858163827768976	1.810651778053505
474.0	11.645328194932729	9.53340814829618	10.684187875186787	1.8042381415846753
476.0	11.217593471226584	9.00083248420294	10.035835937022473	1.8330123212417804
478.0	10.303275295124413	8.409552548503884	9.26252388167469	1.829374464552046
480.0	9.442220403323592	8.182980681208866	8.986524431745563	1.760404086104323
482.0	9.271576925646492	8.307503135375644	9.19363313445812	1.667834538888595
484.0	9.47958612153876	8.320056310825036	9.236017451355309	1.624586982935469
486.0	9.304504536539953	7.95891137293749	8.83860953987851	1.6468340815982674
488.0	8.682647847236908	7.440724596911818	8.282777930964606	1.6705890993644343
490.0	8.050578625997817	7.100041160553587	7.909257651799732	1.6344750830818964
492.0	7.7164302649156955	7.041603258295526	7.8390259350831695	1.5576580820693526
494.0	7.698026902731971	7.091507520820713	7.892872468350044	1.509639822136517
496.0	7.721248190959582	6.965835221427886	7.778274976564184	1.5252297196322422
498.0	7.470433426244349	6.514897526866948	7.308485868654572	1.5659014332769559
500.0	6.8293309381566685	5.860014017910834	6.530603515915177	1.5622914128437657
502.0	5.933084801651041	5.3674347795162465	5.878813759590311	1.499815049863187
504.0	5.3157511030326345	5.24656281522312	5.709564250472748	1.4395868500370776
506.0	5.214248650724409	5.213627732647068	5.7009709893637845	1.440770219872265
508.0	5.118494250137527	4.918341013121785	5.38003899264614	1.488766938343455
510.0	4.620182576519068	4.4252217793439765	4.811389282211823	1.516188037579757
512.0	3.964126908890905	4.0285898762925445	4.338535192954834	1.4830852028228658
514.0	3.5245491499677652	3.873405818926154	4.141346476768127	1.4229551605239337
516.0	3.388409459745707	3.8595237677517154	4.130798959721578	1.4040804696981002
518.0	3.383736207530855	3.77829694605773	4.069748266308968	1.4504054908939188
520.0	3.2615282418087115	3.5010817176566817	3.7889852602278515	1.5091012354427473
522.0	2.8980316186056188	3.0702760550364796	3.2772195971924036	1.5068781547106824
524.0	2.3653144226472835	2.697785291626087	2.798503578452185	1.4505813021226057
526.0	1.9568156661975518	2.5540553139129694	2.6174592502874123	1.4270434941159713
528.0	1.842695079909698	2.5152802571994295	2.6038869509478273	1.4819907984110179
530.0	1.815164295348748	2.3535034132222377	2.441495812167451	1.5640356690614627
532.0	1.5960770507930069	2.071684567758153	2.0943603386177854	1.5984324836296155
534.0	1.2296770813095381	1.8436491356360407	1.773339172614052	1.568029854643834
536.0	0.9451861266844634	1.754190808044205	1.622525691917915	1.5240727817031348
538.0	0.842484169005374	1.7355950184539415	1.6036713348498217	1.5362206283013926
540.0	0.8355983558844063	1.6939967520242691	1.5743224277152112	1.61730622220837
542.0	0.7879706366384376	1.6076932044287622	1.4220117108309842	1.6981993028418203
544.0	0.6496188015167724	1.49817434993895	1.1760282078302666	1.6981476268119027
546.0	0.48559186079874733	1.4053213180231292	0.9929164767698645	1.6440830023341362
548.0	0.3884149073910196	1.3646578363815394	0.9492095886969131	1.6535149249606138
550.0	0.3677722431623881	1.342010243008097	0.9477465762942991	1.7635558259166961
552.0	0.36425162102530834	1.2950073639412885	0.8902475169036957	1.8839446357565912
554.0	0.34780132170322137	1.2722391779944373	0.8163907617002654	1.927650721825784
556.0	0.3533336606640583	1.3363049261104627	0.7988253657475941	1.8980501862207237
558.0	0.39697161792484736	1.4340975695128857	0.8298232212484483	1.8651348203379212
560.0	0.4360291055823287	1.4587233823575965	0.8504456724517719	1.90319057569369
562.0	0.4424443346106997	1.449059958111851	0.8442975449846215	2.016158552218044
564.0	0.4736467932281324	1.5562886015753268	0.8701074468740703	2.119504841497279
566.0	0.6164195107029438	1.7861762574769886	0.9827821676536719	2.121437454987151
568.0	0.8426305996219934	1.989711139008455	1.138672885244665	2.0619284035373613
570.0	1.0205367240148537	2.080273868134568	1.2339671490596629	2.090332006276698
572.0	1.075419747926046	2.077570196285321	1.2441023858493605	2.2458134426794727
574.0	1.0836438803501318	2.090101183099359	1.2675576808594682	2.403649228138966
576.0	1.1993245328184128	2.2529618409377217	1.4377733547205398	2.458021289651718
578.0	1.5172542180529225	2.582950709160852	1.7546117528017287	2.4259283776135008
580.0	1.9255230263862755	2.9046520792934456	2.0326529544175007	2.3948345469441636
582.0	2.169956757106863	3.011115492797219	2.1139652634958694	2.4470788290019123
584.0	2.200233472989408	3.0054282121670375	2.140654715447212	2.5820572842526
586.0	2.3252642483080894	3.230834618286153	2.3783957893637027	2.7034851717569115
588.0	2.7672137095499316	3.73242610551296	2.8226873649666495	2.7061904570232547
590.0	3.3324796436318413	4.193297730982861	3.229276222536649	2.6313591991787857
592.0	3.7180051530516938	4.417615050255826	3.4222850190162037	2.6553587257657254
594.0	3.845630546223781	4.432851510833584	3.4414639076589784	2.83468086652843
596.0	3.847645423781386	4.428851534543486	3.4792419299381914	3.0226460790721914
598.0	3.982384396217493	4.627649981882646	3.7385972294721435	3.0875974915360063
600.0	4.424981762682146	5.0670806727220326	4.25376030081448	3.0488082561211343
602.0	5.0889661542461555	5.532173109471339	4.779448302401315	3.007955549971069
604.0	5.598218197742351	5.720597257921145	4.974586162353756	3.058298485124449
606.0	5.692285500023558	5.664691981636371	4.983425055001252	3.2003581023838574
608.0	5.782558272189481	5.795415456261588	5.333489882164451	3.3313650903001064
610.0	6.398021376872019	6.315168102889209	6.06283389649006	3.3327137692822375
612.0	7.301011571175079	6.906604110801473	6.710765397117655	3.233873675988453
614.0	7.947565217448974	7.247095024959028	7.0310629216082186	3.2264639914995414
616.0	8.199799594463014	7.27184492986474	7.0593130748674024	3.3986945763204313
618.0	8.165026494757889	7.171479589516592	7.034106541271344	3.602179282610912
620.0	8.160222499129787	7.239678403999484	7.210880609011145	3.6754983475287575
622.0	8.463233505056948	7.579510217108929	7.679113936408512	3.625803120474992
624.0	9.071294091281748	8.019658961776237	8.230857776218542	3.5639064328532126
626.0	9.657612891275487	8.229400318794358	8.502002394647498	3.5957184543682223
628.0	9.808974215577297	8.091998216250428	8.358657662774736	3.7284410221413786
630.0	9.550769620617292	7.932448058523484	8.352816807987042	3.8586049764283454
632.0	9.609928738827918	8.11753726803043	8.970811641369783	3.8562327310860556
634.0	10.391667345083144	8.565779072897552	9.796287355889826	3.7295216605364376
636.0	11.2879410274028	8.915314671898045	10.25571636147152	3.669869119674426
638.0	11.70444510989382	8.926601356323342	10.28465800477059	3.8036660184509232
640.0	11.61319702840801	8.690066761537539	10.079338171464075	4.003205507216206
642.0	11.32702690852506	8.522289242524078	9.994375699000743	4.080434465518815
644.0	11.23363036877652	8.614855523323063	10.20009175916201	4.017160549450947
646.0	11.458969758881098	8.887747614969843	10.566261772164058	3.9267155254204713
648.0	11.83958669997473	9.044354716971956	10.771468424488802	3.9276857975035075
650.0	11.962388708999036	8.858354525068387	10.521635579265183	4.037858841136767
652.0	11.544402089644388	8.449361622466547	9.937057102088575	4.157874508329525
654.0	10.74064064636483	8.174462750410505	9.649087432413804	4.150061234129926
656.0	10.244303244949704	8.235860647620616	9.968996483650324	3.997919189162376
658.0	10.463079783377886	8.438661206670744	10.388762835131951	3.8793400610857076
660.0	10.826252113764914	8.416339424960876	10.395711647352664	3.95483566650922
662.0	10.697023461297723	8.083562656112504	10.027564991640356	4.132595508464324
664.0	10.157229994870352	7.7075210922476245	9.617082490506801	4.208077555370134
666.0	9.634875492155702	7.5501379677760285	9.449909871790274	4.131269969092638
668.0	9.410453452285362	7.623129650877009	9.553436927683979	4.011361520019809
670.0	9.480247431561862	7.697929103134096	9.65854415394951	3.977602651132428
672.0	9.540749102557173	7.521216790833785	9.461249467062613	4.059330463113527
674.0	9.256926647893533	7.06041827955139	8.837800134357998	4.163863943995634
676.0	8.519807122693337	6.555435836102609	8.007347274705683	4.1499901057936315
678.0	7.5553365518017195	6.311223279934924	7.570081673760612	3.9801243515231164
680.0	6.982730140900709	6.329555642388708	7.632141209806295	3.8121774362838554
682.0	6.960513478793727	6.279047787433677	7.606856492987419	3.82846502428237
684.0	6.860391641908368	5.95345741434191	7.189143962826978	3.975366378108921
686.0	6.31289970851902	5.518833106180751	6.627306478040669	4.04442564900535
688.0	5.632678923015749	5.242450083071801	6.240132851333147	3.957145355510758
690.0	5.193138809426212	5.190423436393948	6.139496149735901	3.8143962616525373
692.0	5.071259735152988	5.2035710898364504	6.160311509734033	3.7521735956197797
694.0	5.077075318990474	5.072308091616916	6.039443475668724	3.8090987215352317
696.0	4.933475763255134	4.723688653912313	5.619247115836468	3.8987378270663595
698.0	4.502224501355691	4.279386382214876	4.957477844411782	3.879690943591887
700.0	3.836825723540035	3.979302261530297	4.425835570088961	3.7028888918339087
702.0	3.29743002686406	3.909308923484895	4.289581411270022	3.508919653218967
704.0	3.143341120416281	3.8558762313185433	4.264260793942859	3.485325940720741
706.0	3.1048698475588	3.6246235337390944	3.9756870854023476	3.6048906922058235
708.0	2.8010036102192704	3.303721290247278	3.500445903805351	3.6658528426209824
710.0	2.305501210797237	3.0908046804740104	3.1308672688284096	3.5735083179625695
712.0	1.9266000663185225	3.035650227331462	2.9898148241449287	3.420653712362439
714.0	1.7884751660498157	3.027175343966541	2.9815571139949983	3.3452521882528163
716.0	1.7803650009677354	2.949920440710746	2.9215082291459296	3.390087749368926
718.0	1.7125972480831104	2.785449486081464	2.670094361809938	3.471284740317746
720.0	1.4922671218381596	2.5832482688902396	2.268077630649108	3.4489200717154262
722.0	1.186828357573796	2.4356457630926647	1.956788862819321	3.2758396655906505
724.0	0.9639578221005294	2.3896083703361293	1.8738541159634612	3.0858319893726716
726.0	0.8991567822188694	2.3510352538049517	1.8614724924779138	3.0555520308791237
728.0	0.8894524598844233	2.238356586022537	1.7259240204949866	3.162520203223919
730.0	0.8010716763743052	2.123854805515203	1.5065679910286651	3.217036881499721
732.0	0.6554202352598008	2.109666571653411	1.3519527462400223	3.1254784887528073
734.0	0.5540917891987994	2.1623125360287436	1.3079538862272455	2.977308529159187
736.0	0.5291688855190178	2.1707546907499227	1.3128672610881604	2.908321962977585
738.0	0.5311263984695593	2.1390544405189043	1.2825377770264148	2.9589620024813597
740.0	0.5241949204250972	2.169411071702096	1.202458983892904	3.042133762818879
742.0	0.5409416743045413	2.2685712591871305	1.1380799723820567	3.018994588889415
744.0	0.6069066990438862	2.356399497377771	1.146134803042716	2.8576509188702723
746.0	0.6813758242826276	2.396118826109533	1.1848071313063269	2.699716475878989
748.0	0.7134835708246018	2.3758737294921057	1.1837170144648563	2.699005965252299
750.0	0.7162928393781758	2.347958140093916	1.1605516912486185	2.8137582092974136
752.0	0.7728483785901468	2.4240298050198064	1.2021243976024707	2.8661766285948183
754.0	0.9554803775219725	2.63677661806376	1.3449163347068687	2.779952305652367
756.0	1.2069765740756622	2.851236462069647	1.492026007420413	2.648419603687524
758.0	1.3712989543183485	2.9058866379550277	1.5375371871030845	2.6031643401992564
760.0	1.3957529660371737	2.8896420825200586	1.5397780165894424	2.67658520052303
762.0	1.4633361619860545	3.0536451395735984	1.6612541002375685	2.772550803056012
764.0	1.751717977312084	3.408829945144207	1.9281698160540273	2.7510797497354464
766.0	2.1703894413014595	3.720932546784175	2.2000090839890665	2.603882497620982
768.0	2.4856432234173638	3.863536365150459	2.3327068729919738	2.4948819438221075
770.0	2.593344344403554	3.8551186329478733	2.337947679335555	2.551632194131625
772.0	2.598798716324429	3.843522280893009	2.370319744848509	2.6939493364505798
774.0	2.7153594938041445	4.005589152543529	2.592444600813532	2.7501899923182527
776.0	3.0953965572770907	4.358104738292557	2.993247033026722	2.671370701764561
778.0	3.6625865550422767	4.705054958536359	3.3365550993284585	2.561662032473104
780.0	4.079554375194631	4.813077099554646	3.4305646014308206	2.5491968267724525
782.0	4.157947088607487	4.7649057966110915	3.452969664502613	2.655817994787006
784.0	4.262508317091772	4.912029165336726	3.741127169813756	2.772438940469343
786.0	4.787781615084973	5.350291684001048	4.2761000962623985	2.7546794830832275
788.0	5.526875091833904	5.797889358304271	4.7365256057285015	2.617783956529774
790.0	6.059325586554883	6.031851269826279	4.941333639542813	2.5566127690061156
792.0	6.274095934154073	6.023586816549145	4.9473629703590305	2.679970591216833
794.0	6.265273027792768	5.952221509611341	4.967469009384494	2.8623397851284347
796.0	6.316509357458326	6.061599830896518	5.218707508520254	2.928163063107762
798.0	6.672685105851643	6.401881896115534	5.719833182889088	2.8555361271369817
800.0	7.3116155666776095	6.779448298705161	6.224443041294471	2.763770313486042
802.0	7.906912845583148	6.912226461551758	6.394401371640855	2.7811705287155783
804.0	8.076629538014359	6.794160434078891	6.359022368122162	2.920345539864196
806.0	7.977624718691176	6.761426664247707	6.678295079762916	3.0587292235400594
808.0	8.319074312210333	7.036304519815805	7.398552714261393	3.0441152461773826
810.0	9.237922934408903	7.446178307149824	8.025136488023886	2.9073662041758
812.0	10.078702343981526	7.709901855492293	8.314816363532358	2.8739799435653053
814.0	10.455653052695272	7.6861320182241055	8.31016298460682	3.049192470526125
816.0	10.411072016206809	7.506570272685854	8.221678075334301	3.2707063582246336
818.0	10.244654383285033	7.453828742059841	8.327399402714791	3.3486743417640303
820.0	10.311742475464236	7.644778182328049	8.706750874866604	3.2776730663296205
822.0	10.702784374763901	7.94298892532318	9.1678147297506	3.192328411007308
824.0	11.199349168626107	8.060185813536405	9.362126658410588	3.225627452423614
826.0	11.376792226880358	7.881885202124635	9.116369027518685	3.3857361308301703
828.0	11.024707836670222	7.632200806036555	8.926552030336858	3.5394250153297655
830.0	10.501436370776167	7.596173292914302	9.362597369941849	3.5251740977885184
832.0	10.517380443683626	7.792153429981352	10.100700455431998	3.377095295735664
834.0	11.110926727089229	7.99014005718755	10.514564035815143	3.3407343016340896
836.0	11.579415731860085	7.940425327131549	10.490708382489181	3.5340213282292376
838.0	11.504713165512078	7.664015040587385	10.23125071262874	3.7795197791916157
840.0	11.07478842370789	7.430547047456279	10.048353996536063	3.8673702755225032
842.0	10.705397470565886	7.424186270848892	10.134385063486684	3.7917133743956573
844.0	10.63576872432228	7.582732333967083	10.399377876885769	3.6977801668117958
846.0	10.826199511378396	7.6546499755525215	10.527269634928997	3.7274261487830103
848.0	10.938793597476852	7.460018842010628	10.241134054635726	3.8905533180937026
850.0	10.62770389814295	7.08442439399073	9.531897100806495	4.048694660205444
852.0	9.824192536976154	6.792835716399372	8.947024592609237	4.030927113536205
854.0	8.916540903811617	6.754229148240924	9.019552815189043	3.862517698438596
856.0	8.557492412226734	6.844257699535299	9.34332350664689	3.794522789496811
858.0	8.692243682381665	6.7768917393856505	9.289785186239975	3.967983207832063
860.0	8.610404981484992	6.471963450039494	8.882588731018139	4.214876024350086
862.0	8.059060078832033	6.142139105653416	8.44539142906819	4.30698132766737
864.0	7.407499332440859	5.999513631484906	8.23763684919606	4.221425271015723
866.0	7.0093789209425355	6.038978462794964	8.278467095456843	4.106482556892439
868.0	6.933491021182549	6.065686797703993	8.331917509509106	4.1149311914289095
870.0	6.964835230699058	5.900137332133891	8.138032746230257	4.264075458129643
872.0	6.79394822807432	5.548759764748004	7.57476440833783	4.41657604545593
874.0	6.273529415408538	5.193731390236963	6.810609290309679	4.392977993729499
876.0	5.472527435683729	5.025974345099305	6.341392690455692	4.2001143906604606
878.0	4.826620614991812	5.024611600752443	6.327224767633906	4.083669335305273
880.0	4.661169254360968	4.9554136369227635	6.271859735623473	4.2128521141590065
882.0	4.614578409989102	4.69795176163722	5.853065325225894	4.443943126808624
884.0	4.226147950771038	4.400138655933476	5.3233445051889685	4.534240746858522
886.0	3.625048129537201	4.247269067915842	4.995022683105917	4.436174718672537
888.0	3.178924181824433	4.244157120617393	4.916606173105262	4.2948113241032715
890.0	3.0167143977249755	4.246202929573565	4.931928409911955	4.273342393388003
892.0	3.0095815691770533	4.133689722278117	4.8195892219589185	4.399113459163914
894.0	2.929443603699503	3.9114572720343257	4.459789404894719	4.539878983221856
896.0	2.64788148983734	3.676836580072455	3.912560367044498	4.510047383149883
898.0	2.2097592202617986	3.5469433346265715	3.505842635966677	4.294370393026964
900.0	1.8411775060464697	3.5272644592538955	3.4217431505461176	4.1271900886543165
902.0	1.7135718236929829	3.472682527186819	3.3912966257416373	4.2064037921396595
904.0	1.699238716992697	3.309614107856576	3.1278844283752014	4.416521495334625
906.0	1.550679095370402	3.146285483577926	2.729705792535103	4.502536064078532
908.0	1.26419934564399	3.103039737636298	2.4506193304594217	4.393227299507337
910.0	1.0248904846126172	3.146632807897794	2.378433765477164	4.229101694774393
912.0	0.9336036575208259	3.1530923939738806	2.389750137613242	4.180963663241739
914.0	0.9280232508472288	3.094859096129023	2.3072590987376156	4.285121984476079
916.0	0.9014319098054133	3.0437377403992336	2.0655899258920027	4.415230939049023
918.0	0.8231495845617602	3.033968564424982	1.776993274358629	4.3812136455298525
920.0	0.7405758453830914	3.0519639628159636	1.6243623199503285	4.150532951016286
922.0	0.7009839247369333	3.0746085782144625	1.6229422381603291	3.9475548154979156
924.0	0.6974103526179148	3.0412476463401843	1.6082668012725823	3.9900791518827723
926.0	0.6965291377317309	2.966972238312143	1.479822554735372	4.183967589547253
928.0	0.6998840765057949	2.9631458679729294	1.3183378762210745	4.266157390268773
930.0	0.7530711137219316	3.0864540462488126	1.2451746102458716	4.1495481626038435
932.0	0.859265376894365	3.2350202050146093	1.2718721186445765	3.972342269856532
934.0	0.9484152204693916	3.269651705517068	1.2976949546044458	3.910490565546469
936.0	0.9678717886185504	3.2440565946327418	1.2523017319422036	4.004930838561195
938.0	0.9924137748626208	3.331698349711594	1.1899790580334233	4.132067380340758
940.0	1.1495406492871685	3.5434082630543426	1.20096500234618	4.098018937884144
942.0	1.4288673490057722	3.7362990076323963	1.2846108449556772	3.8629472707190766
944.0	1.6711966909750078	3.832080123005438	1.3510850073757763	3.651392113577618
946.0	1.7643078802773713	3.8161987321751183	1.3481005674858406	3.688043186383037
948.0	1.7695066200052494	3.784481697935193	1.3311965519361997	3.880324642740814
950.0	1.8527504268010047	3.8831118934107587	1.407666307624476	3.961284500904003
952.0	2.1462499324711257	4.136987253318938	1.5925001288226959	3.842844991019031
954.0	2.59109216166716	4.390081034843317	1.7636160304190207	3.6648902484172132
956.0	2.9153279539099293	4.461739225816121	1.8107133587036166	3.605926290911331
958.0	2.9796869715670797	4.431336141619403	1.8157318114161034	3.7065124065098765
960.0	3.056983239112676	4.556016852431233	1.9711086139345568	3.8417691275224777
962.0	3.4518860033490784	4.878526709068519	2.291187002505479	3.8128243007080727
964.0	4.03287383505339	5.19339648588663	2.586660797237954	3.582169185663195
966.0	4.475537741940728	5.359260308588657	2.7116273984395183	3.387394967366141
968.0	4.660035747548198	5.350070419168287	2.715520833363824	3.4514096052297916
970.0	4.662910591272016	5.300698560163265	2.764032960151428	3.66204743975585
972.0	4.729551365360287	5.401487656619616	3.00809378648368	3.747770671375857
974.0	5.082227632951334	5.685309242660508	3.4349616277788844	3.6329625941245447
976.0	5.695679526637231	5.983567908725913	3.799454488339718	3.464314667908807
978.0	6.253214909433109	6.07552999752269	3.894806176899096	3.4209354570383455
980.0	6.414285173559057	6.001934341880858	3.9298266427428397	3.5396757485292976
982.0	6.415613910277226	6.038877405126556	4.282124303444533	3.6900475633699403
984.0	6.850646662343062	6.300881543532996	4.89220842406811	3.6687589847591813
986.0	7.6964108606963295	6.620373850217383	5.384232981859979	3.445836292470402
988.0	8.40212578545201	6.813815684568777	5.587083342394275	3.27774789214595
990.0	8.728991620395078	6.793776527640409	5.591726010713266	3.38494013458657
992.0	8.7167907306839	6.6763128371458125	5.623218915114111	3.6274953625740034
994.0	8.638377542599882	6.683656608691538	5.879004531800906	3.7247966373569956
996.0	8.80878914708849	6.888880073240907	6.37588921511947	3.617737016872454
998.0	9.303791106044502	7.154145467756644	6.888108986958464	3.463452254016231
1000.0	9.874310014017817	7.2412827241669575	7.073090274402777	3.4399382812585433
1002.0	10.097727191639828	7.115167333478818	6.994996032784055	3.5798146111415297
1004.0	9.851985704557372	7.002618607094305	7.261228800861291	3.744848529935962
1006.0	9.677093891070319	7.080313764835972	8.035928553444792	3.730301954472076
1008.0	10.152237962679727	7.287954179475077	8.77622554394339	3.5168938620864942
1010.0	10.960652177789141	7.447292506049518	9.120918991520542	3.3725777163822563
1012.0	11.448639802394114	7.40282108154165	9.118942918415401	3.5123436542916413
1014.0	11.421696972595052	7.208697157976042	9.009984902986359	3.779771170786821
1016.0	11.109468314417617	7.0841634674495895	9.088019591635735	3.8894302195305004
1018.0	10.905776742775428	7.149912819700581	9.442949830573848	3.790720662187096
1020.0	11.000671073613882	7.324563782994507	9.877100340192074	3.647310297946274
1022.0	11.31492424777132	7.385412359638936	10.069619441667454	3.637157644953959
1024.0	11.48458693040725	7.229871133332163	9.80008150545369	3.790950184716431
1026.0	11.176916863115729	6.98776331777635	9.375414399547573	3.964706287645679
1028.0	10.41204963018826	6.856660148975927	9.517555133535579	3.953782493650454
1030.0	9.742341037812766	6.901608030006253	10.204050252122004	3.748615490460451
1032.0	9.729998599946825	6.997112969724477	10.695438371150216	3.6152045636182923
1034.0	10.050839256776243	6.938298702693504	10.687641360789856	3.7582866825379067
1036.0	10.010474717841198	6.703935621655272	10.386508065772414	4.026249676616061
1038.0	9.516660690001745	6.484668064615239	10.132853942190085	4.139948415110205
1040.0	8.959863220874427	6.431273596404585	10.156328390938056	4.045508291153735
1042.0	8.656853643342519	6.510866579262525	10.378030165662746	3.9054148842233096
1044.0	8.659473886441988	6.539715587791356	10.513652788498504	3.897367130125265
1046.0	8.73286330143147	6.389834235588667	10.285212065302678	4.052911750181687
1048.0	8.54261287841316	6.114561872302024	9.64025812732479	4.228394026179861
1050.0	7.941764682256822	5.879785860685109	8.908841018185601	4.22034862572972
1052.0	7.051836122042202	5.802543738406735	8.691633175322439	4.020968295176645
1054.0	6.397761839030577	5.823721154518418	8.913237260798551	3.8897249476456404
1056.0	6.290627262208117	5.755809830340079	8.893463055327524	4.026112935966652
1058.0	6.250366033561311	5.533775194322773	8.462927047159157	4.290163627358679
1060.0	5.808367198817116	5.302003300729307	7.965305510166466	4.409785712673739
1062.0	5.16490927926334	5.205782772490023	7.684541533339269	4.31994659800697
1064.0	4.709601869467687	5.233003253178458	7.678528175011419	4.177202951417494
1066.0	4.5567031628865875	5.240802854008369	7.7354668016136525	4.162998762262468
1068.0	4.5605410507169175	5.125999721833582	7.5916254410389845	4.31285925101951
1070.0	4.4689351425918975	4.915862050863736	7.114452892874944	4.488311841214894
1072.0	4.136003415283251	4.7145465176913275	6.40303435763932	4.4838376789880225
1074.0	3.5852991800483096	4.61748322747653	5.877104799571142	4.282899911890838
1076.0	3.0848164070299773	4.606201874849381	5.786386482355322	4.137411004570957
1078.0	2.902583700639088	4.545626217348075	5.765679628567425	4.254152788423389
1080.0	2.882071288398542	4.382684396164914	5.416636097671274	4.509490124086241
1082.0	2.6663226988545152	4.2216914231520155	4.870688431297242	4.632605040245017
1084.0	2.2500581663693224	4.170815653716521	4.473533937278238	4.544825716697851
1086.0	1.9033482258428316	4.2084342893501026	4.346105911976418	4.393094625355948
1088.0	1.7684902262796365	4.218713292851541	4.354219835897141	4.36222704908969
1090.0	1.7597129412882713	4.1517679295423715	4.272268126290158	4.495795739750806
1092.0	1.7170042973977264	4.057821155087358	3.9586281415813356	4.664647489159657
1094.0	1.5587465596249743	3.990758813047445	3.4558064327118228	4.661950897693359
1096.0	1.3355714167853068	3.972496391192625	3.0472430851040646	4.453585044710248
1098.0	1.168987831011166	3.982968797868021	2.9239359087584447	4.279931417565827
1100.0	1.1153489922419553	3.9453787520400874	2.911685837969838	4.3678260445262085
1102.0	1.1100848433885993	3.853335629600115	2.723215828875725	4.61543743657604
1104.0	1.0533252028466196	3.7999868439064928	2.3609076063586114	4.742501210082977
1106.0	0.9603712451602863	3.8507709667157775	2.050158723659814	4.652671797322512
1108.0	0.9115134400434421	3.9469118665605536	1.9248015248039152	4.488724825691156
1110.0	0.9214621683075028	3.9760682815385104	1.920965920038741	4.441284447802379
1112.0	0.9356152608891839	3.946191237864591	1.8738628570359828	4.5615625696166235
1114.0	0.9279121239524609	3.9618714534357324	1.6899059833910557	4.725334406942935
1116.0	0.9629885725561301	4.0486668974841855	1.4312332754808519	4.724277931225749
1118.0	1.0846631163628788	4.145337961163674	1.252062882707778	4.5090875216764195
1120.0	1.2189052024410627	4.204544229185329	1.2100568630239152	4.310692166769863
1122.0	1.2832239017558356	4.187362738487518	1.207303328071122	4.372036141606184
1124.0	1.2869568506052895	4.142320932212023	1.1336686941783913	4.6099887133020605
1126.0	1.3271442774231463	4.174901014860571	1.0117332667973187	4.739115250309947
1128.0	1.5039442925297437	4.321616488485604	0.9281353550581256	4.647321641356972
1130.0	1.7887019960398731	4.48726754683032	0.9157935198141564	4.473594986238283
1132.0	2.0082792535800063	4.5418569764980035	0.9300948515795587	4.41366942797651
1134.0	2.058054646507528	4.525179853464711	0.9124598996865396	4.5247929476649436
1136.0	2.0990179836274003	4.5947758525612326	0.8869889752502612	4.683344906895593
1138.0	2.349451469148596	4.776572924756363	0.9189975465463885	4.680587063385928
1140.0	2.7629451553774973	4.958816913755142	1.00256991855301	4.464779567520372
1142.0	3.11316240322799	5.065777702628395	1.0653510607875307	4.258286224357309
1144.0	3.2657339892570634	5.062546214249748	1.0719146540232358	4.301195584559787
1146.0	3.274378921449933	5.024780860589247	1.0873542060210555	4.522428560850012
1148.0	3.3392330510838923	5.079170843446478	1.1926853087637261	4.64506923865795
1150.0	3.655194238521541	5.261075838224341	1.383504049141813	4.552262562759425
1152.0	4.196352634850395	5.464744128280734	1.5501195080437253	4.375998391189694
1154.0	4.670396727794	5.537182399835714	1.6034269378473585	4.308704258964116
1156.0	4.802760992694305	5.506262659492843	1.6152254198162925	4.408956103846088
1158.0	4.848280165288269	5.5491252995278195	1.7634653474611015	4.560115216547913
1160.0	5.268825670074079	5.7216626034736695	2.081188087028495	4.554478939922204
1162.0	5.9807424605123005	5.921461038150147	2.3967305672991843	4.341060854628591
1164.0	6.554886337341563	6.053884802546703	2.5450687488618233	4.140583296775198
1166.0	6.828480864270265	6.053937317491446	2.5597658885779877	4.181792400060928
1168.0	6.8364546897729115	5.9869571428953625	2.5978093598273255	4.389827370114092
1170.0	6.825111589633794	5.996706093980552	2.8201087609936404	4.501396777516329
1172.0	7.067652526726348	6.139919057374821	3.241487325358982	4.404926482106485
1174.0	7.6251275016004705	6.329733547427478	3.6366269392705886	4.228810543802363
1176.0	8.230652117983997	6.402731924312934	3.776173376695787	4.16550776396723
1178.0	8.476095648194638	6.3406676234679376	3.791694859157881	4.271243929009733
1180.0	8.351055075596015	6.297783995998104	4.056063870396258	4.427289412286934
1182.0	8.481531060115135	6.36651567764957	4.619562695760435	4.424429312818885
1184.0	9.225086935698904	6.503368558293002	5.153223062916986	4.207275855946055
1186.0	10.075988767217988	6.6172609313209945	5.416144171485774	4.013822510863379
1188.0	10.534202248635733	6.602974294927879	5.449241764360743	4.085066977988212
1190.0	10.541286317839614	6.4885894548016205	5.454345991624515	4.320902339055864
1192.0	10.336220073287354	6.418731208989799	5.653119949000313	4.440299621908062
1194.0	10.291736920875858	6.478136999873658	6.099588013798798	4.347715564430263
1196.0	10.555949612815038	6.61502693699033	6.624910779500305	4.180116558862374
1198.0	11.003490721481285	6.671712459605055	6.892308197715322	4.126194963961507
1200.0	11.236078124961606	6.5881369573359905	6.836677414534257	4.2424603784869666
1202.0	10.96224514777791	6.462639833951719	6.970352806419798	4.406308069724171
1204.0	10.35885943914443	6.403268217135373	7.596000585420124	4.4097184511117735
1206.0	10.107991148180819	6.441070425165138	8.322312860150598	4.204250598955045
1208.0	10.510158254727116	6.512055505597321	8.738921854436828	4.031573479304588
1210.0	10.993544617981417	6.484053962093549	8.803276748418428	4.12297613100063
1212.0	11.0015856416954	6.340793192672942	8.698682002134099	4.35295896627488
1214.0	10.589915901792251	6.2079624805217675	8.71050244034555	4.451478433100597
1216.0	10.159512627808276	6.188175530277405	8.988079207712557	4.360404498688509
1218.0	9.99264858808814	6.264399901287135	9.417336714284636	4.229993834327571
1220.0	10.106909397365676	6.304203005057327	9.691318313977817	4.218669225123567
1222.0	10.239223727342456	6.225147365437174	9.56241050972327	4.348410803463132
1224.0	10.033039697936136	6.072533759538983	9.184430707363655	4.490232277926999
1226.0	9.358134883656554	5.939646652860401	9.17469476503158	4.472349325703831
1228.0	8.442751011288738	5.8993122595156615	9.725919066275244	4.282473616879635
1230.0	7.905912613301084	5.932105694912489	10.262685622455528	4.149599329717924
1232.0	7.93628104318652	5.910116559178721	10.371333904731253	4.2718502435853685
1234.0	7.923427689387664	5.777754519722722	10.142745404907766	4.521706655682668
1236.0	7.460763629635114	5.629158710759891	9.860789468194161	4.631434775174029
1238.0	6.8166148358658205	5.570248067983037	9.823385867257283	4.546674229876102
1240.0	6.3813786791790985	5.606135961955967	10.023089187627109	4.425308264613733
1242.0	6.258526812515906	5.635559709401579	10.214570292314686	4.4298082558552485
1244.0	6.287091386805265	5.579875403034781	10.108538170089973	4.5783648418324985
1246.0	6.1825424838237915	5.4526267129431405	9.597090022710965	4.739367620906165
1248.0	5.783003191450562	5.3201407801197655	8.972396250185518	4.740751810903516
1250.0	5.113153317177511	5.255102172487718	8.755537160884993	4.577943115242065
1252.0	4.4912671048915405	5.260715733852799	8.962502888318088	4.470308786354169
1254.0	4.27242520693559	5.239566957419737	9.062043065759452	4.584459558124911
1256.0	4.250539555849158	5.1376811657486465	8.767179929408844	4.806704978065157
1258.0	3.970152310360137	5.021105176167737	8.297114882752988	4.917008813573562
1260.0	3.446037129023642	4.975502434077181	7.9656254948095775	4.858918359527509
1262.0	3.0168652655207517	5.004016753378054	7.903511138678052	4.749825558310221
1264.0	2.8479159837201586	5.0264461069068345	7.976690328013305	4.728664630022112
1266.0	2.838149863060535	4.998304762931987	7.917224212608912	4.822566363693779
1268.0	2.7871331444457708	4.941032352376288	7.541337399673342	4.929282272208908
1270.0	2.5765692587352182	4.877952807855415	6.860303791153566	4.916066700283586
1272.0	2.2377942802530564	4.838176904933304	6.2726600775233505	4.775459395300452
1274.0	1.9356339991455005	4.83824366405676	6.124220365631258	4.654615050091526
1276.0	1.8147749806141502	4.820297425197507	6.158205938470966	4.684101565476922
1278.0	1.8046694672612351	4.759178629139342	5.937548874419857	4.8098318490345875
1280.0	1.7017433534672155	4.706029814460584	5.468608750421931	4.873480352292529
1282.0	1.4816949151668526	4.714767412948339	5.029536155343122	4.816852848292303
1284.0	1.2935738150057967	4.768522341293968	4.820440584473107	4.722355980609242
1286.0	1.227422657656263	4.795142338475018	4.802965915613622	4.692775486402718
1288.0	1.231420027636253	4.7858105554659955	4.7752258957996085	4.747269770608532
1290.0	1.2088796351600906	4.795535239539201	4.551875593232358	4.8139597483253675
1292.0	1.152941016028353	4.8276420654920225	4.0939481012317165	4.792743150708504
1294.0	1.123275004407905	4.858637252079692	3.6001604566756344	4.679962751747271
1296.0	1.1371023194105851	4.883817534530762	3.3671379318791486	4.5837049058264165
1298.0	1.1627949552908248	4.871553689461731	3.3534586354195532	4.607343662964544
1300.0	1.1646659443930338	4.836523019574516	3.238851537680526	4.711283184910577
1302.0	1.1616949506592045	4.8344977638345465	2.9218761591699525	4.762491214048217
1304.0	1.2187571521502256	4.898972410370793	2.5819495390655307	4.71557475370461
1306.0	1.3535876392900175	4.988994722713507	2.3883116208559625	4.644733306949013
1308.0	1.4842572316035332	5.025986460856024	2.3456301396695407	4.634241267714657
1310.0	1.5248473291857962	5.019572761259678	2.3328146615080416	4.696601323164146
1312.0	1.5349114054075679	5.053866442573078	2.2117307235655184	4.766987717858572
1314.0	1.6601674329889897	5.14185655593377	1.9618224396001376	4.759178651061717
1316.0	1.925765983037011	5.22601289540124	1.7110917335495166	4.677852809974745
1318.0	2.190158554079204	5.277232625178614	1.5944505761500825	4.62345049441735
1320.0	2.3187901457794555	5.271146781087336	1.5858618531005895	4.669263308763458
1322.0	2.329650103301572	5.239974465571266	1.5428785363448705	4.773042026794951
1324.0	2.372691344602014	5.252578447112375	1.4176930767781641	4.825611356531872
1326.0	2.614982267798756	5.345669690670891	1.2918726421836857	4.787517214342596
1328.0	3.044458313121568	5.467275873680595	1.234266384874413	4.730324339002613
1330.0	3.4150827612958263	5.519450954093848	1.2284126066703556	4.736852076923563
1332.0	3.5191637803095994	5.506159514771288	1.2249018551963893	4.806450250919201
1334.0	3.560572177479383	5.529566097651884	1.1954527551045124	4.871746553806213
1336.0	3.886299139737107	5.6188946424860555	1.1577879371984685	4.862616177078693
1338.0	4.4374478714218775	5.722842558687168	1.155800050913796	4.798863218081093
1340.0	4.896196870604928	5.799472270998528	1.1831796564658297	4.7824548231908475
1342.0	5.120351139176165	5.799105584872352	1.1982770738347424	4.859952178336536
1344.0	5.137899461494502	5.752056908371334	1.1850270087505028	4.965060650949739
1346.0	5.1571067356571465	5.742964045028819	1.1954708367683238	5.011452930162448
1348.0	5.41838484259991	5.820760560506857	1.2884462138800024	4.983586112008271
1350.0	5.967981699309333	5.945141188734028	1.4257629406709835	4.9429061141506425
1352.0	6.548798306078866	6.009654417033577	1.5066412301195382	4.957302976827535
1354.0	6.781546653420836	5.986947409409362	1.509315921464715	5.030828886871191
1356.0	6.749452025282977	5.966223484590521	1.5492315634732212	5.1024229739865605
1358.0	7.048095314139493	6.005951226124164	1.7265513513818218	5.099154074861998
1360.0	7.827348725642062	6.092346529178338	1.9736921304656085	5.030042181679116
1362.0	8.57192511348975	6.1794657079929065	2.1457663560164906	5.00336536965269
1364.0	8.962316373519393	6.187370566984922	2.1888574688898315	5.087474016310175
1366.0	8.99005606281866	6.118381725694661	2.185194325855544	5.2158795315187625
1368.0	8.876158879395078	6.060425456337517	2.2679137146523987	5.280671445538902
1370.0	8.950834756041905	6.086701097015059	2.5023668179486958	5.259164264763037
1372.0	9.341658465161258	6.1812623208715	2.795454720029176	5.219028754809761
1374.0	9.882800002797058	6.242786066101522	2.970407117684799	5.234318911802333
1376.0	10.166959946208902	6.210850591922365	2.9787073473404835	5.31526302195117
1378.0	9.96547348841162	6.134471387620843	3.031961701906771	5.397478367771406
1380.0	9.63610442010582	6.080998835061173	3.3220619196348236	5.4014386010496755
1382.0	9.853469699090997	6.092264129380782	3.729007060835835	5.325652180958054
1384.0	10.575342393209414	6.156627582726334	4.010896162818991	5.285836396906766
1386.0	11.133387783825627	6.1703623808748524	4.089067338300921	5.363919811544324
1388.0	11.181044159843935	6.089163326926367	4.070867176711626	5.488923963088322
1390.0	10.873504030389306	5.987258728081328	4.148153565811458	5.546956303185353
1392.0	10.604078263643611	5.955381036755503	4.42252067681988	5.520904939797044
1394.0	10.604615261472128	6.007295225816132	4.807020845743294	5.47704895606678
1396.0	10.852078045731698	6.0569502441162175	5.059017998337267	5.488241173304083
1398.0	11.050509856745219	6.029947637931377	5.0753163312920195	5.563975137098966
1400.0	10.8460188466812	5.934961552189124	5.092147405476136	5.644574343585991
1402.0	10.16478579601448	5.820873737161232	5.3729242245625715	5.6494229507755005
1404.0	9.387077827445712	5.7661233912724645	5.828480643568263	5.568241526751074
1406.0	9.14267164081515	5.794103033080335	6.1740638404481984	5.5098473892743725
1408.0	9.379974041203777	5.802729335090725	6.290159451975634	5.575261130547808
1410.0	9.414784487164026	5.724818305674499	6.247706737902019	5.701804413652744
1412.0	8.978150300880063	5.60919356996721	6.2529376900909135	5.759507893566175
1414.0	8.398994757041178	5.545521376243335	6.448903936263879	5.722616358403331
1416.0	8.043687128729953	5.563801045217999	6.821363682976628	5.664032263494803
1418.0	7.99613861242184	5.601299112114338	7.12862606455435	5.656235229829966
1420.0	8.072717619375476	5.589112770412222	7.15824772697637	5.713122748662973
1422.0	7.955775980427883	5.513369523712093	7.078716391571525	5.778557886674443
1424.0	7.484271252352992	5.402916149654101	7.2593781368852115	5.767694727542196
1426.0	6.714228074426162	5.328139424180939	7.697086794290574	5.666438769908861
1428.0	6.037682463721576	5.329958574189978	8.078066328904569	5.583846735880972
1430.0	5.847316534557324	5.33701206870331	8.229171878442601	5.624752187215786
1432.0	5.838965054694912	5.2775481676502025	8.16042633485308	5.736829276659918
1434.0	5.500129935001655	5.179008949045578	8.039506923907316	5.789479012801029
1436.0	4.901680332279568	5.1171344321121275	8.084902177463633	5.744513365745943
1438.0	4.43159226267184	5.121726826374281	8.322003587164371	5.670963894467115
1440.0	4.256666162252959	5.14917254637949	8.585158034990004	5.648011800182343
1442.0	4.258470893359104	5.148441046499772	8.620181471402715	5.695573049708622
1444.0	4.199009348748527	5.111046039856038	8.361290644170213	5.753810687287297
1446.0	3.93645519468263	5.04073921863573	8.173434870540225	5.739985197541235
1448.0	3.485109604424207	4.976265018009498	8.389771696565772	5.630106964820218
1450.0	3.041016008401461	4.966193593890064	8.784088290853804	5.526314721867369
1452.0	2.8493791314281105	4.969348146823478	8.97795928339586	5.549288315440882
1454.0	2.833860064862057	4.930463323457212	8.884901276414668	5.657341104557519
1456.0	2.681721437116686	4.865963598301516	8.645147061965858	5.713411805296128
1458.0	2.33469040519448	4.8334128787048245	8.4814243763075	5.6727732566709905
1460.0	2.0141335696791027	4.850887314783205	8.525998722413139	5.598880285191287
1462.0	1.8790051724372634	4.880132132985357	8.680087076495836	5.574939571032853
1464.0	1.8714370442474173	4.89089952104946	8.706492156649977	5.622225132701826
1466.0	1.8405252822009248	4.889343264775861	8.423610659427254	5.685954667589211
1468.0	1.7093810563745722	4.870447292053836	7.887398913586064	5.680629848362736
1470.0	1.5319015685977866	4.8503451812554745	7.53253440896694	5.584879573773746
1472.0	1.4069910655166409	4.865366883384262	7.618586670324168	5.487815597469107
1474.0	1.37155726134409	4.880100382577692	7.790555582094262	5.502140666633919
1476.0	1.3696257048454077	4.861700161803035	7.678116193281066	5.601525224410229
1478.0	1.3270919798579206	4.8349739766335444	7.359800049427344	5.658847380372157
1480.0	1.2589177383919261	4.846178432624383	7.05892613426159	5.624935556127344
1482.0	1.2411458988962694	4.896043549916564	6.933092922991008	5.558796400522815
1484.0	1.2769569071926303	4.940086567682202	6.9620793526003	5.5374386748141795
1486.0	1.3033728522183519	4.960768005089288	6.973659579362097	5.584438693868483
1488.0	1.2953148073261131	4.9853155878617335	6.781328516644084	5.650703549051839
1490.0	1.3201645832190403	5.015453844303469	6.318732463420247	5.6523217181809775
1492.0	1.4433651158205534	5.046016795863325	5.7925908974413485	5.576324972571831
1494.0	1.605204573158118	5.0915166113333195	5.557486021319234	5.5065390346236125
1496.0	1.7002467898753808	5.116413240244911	5.589130205226841	5.530214180461595
1498.0	1.7106981721555867	5.104948376778666	5.5004159738513145	5.6209394798138685
1500.0	1.7308401590603306	5.093902223717317	5.174288526415674	5.675703839297989
1502.0	1.8853803742090116	5.130832037226014	4.833137177687143	5.649480295176953
1504.0	2.180389416060568	5.208246424006324	4.650330853157358	5.594815739548194
1506.0	2.4427606765213534	5.269275386597904	4.615062211069868	5.580748654768294
1508.0	2.522986367628686	5.29391712452811	4.618096326784363	5.628125069030704
1510.0	2.5469340363829702	5.3190271248231555	4.509964984773546	5.6936484725981265
1512.0	2.7646017735433737	5.353804681491468	4.217195925770274	5.6999179572388
1514.0	3.1644571837433695	5.398409187613994	3.819334580651908	5.636880032594942
1516.0	3.5265535465880293	5.466297306661048	3.569095160323647	5.592694858096795
1518.0	3.71158397426102	5.504506163956598	3.540011032309726	5.638941492840149
1520.0	3.7337908420275587	5.487845219725688	3.4909251077449093	5.73373834953212
1522.0	3.759211585600275	5.461946747593734	3.262503627636711	5.786309265685921
1524.0	4.007824588053148	5.489776297136705	2.988435130281873	5.767501957642708
1526.0	4.509853040017081	5.574356972286294	2.8425728371288836	5.7257747287263285
1528.0	5.025377085964701	5.6484486308832285	2.8266327191430616	5.7256776964927685
1530.0	5.22287840986695	5.669950077136516	2.831194713215742	5.780809085853527
1532.0	5.236471580397165	5.668867304369479	2.7646715155993697	5.8437282613579695
1534.0	5.565920232190792	5.669462856146153	2.613833924685788	5.84545017132868
1536.0	6.2508517473708896	5.698963319629239	2.4331751718909755	5.785068066947663
1538.0	6.862675369504793	5.781218144172942	2.3310647370100845	5.753452845452223
1540.0	7.188201619055055	5.834781783211086	2.323707827912209	5.815773767517978
1542.0	7.226227458970703	5.808392855648674	2.2968559048171224	5.917085264422076
1544.0	7.176073296919261	5.751731154354685	2.1736890974350667	5.964214207165757
1546.0	7.322945728726042	5.744919428963378	2.0308607560003304	5.936797241446319
1548.0	7.787171432767356	5.8088559518791145	1.9779612077964666	5.892874968279376
1550.0	8.380125956892117	5.878730080074739	2.0062676520848717	5.899091290829118
1552.0	8.695905259679877	5.891108509276447	2.016031621671404	5.963816974908097
1554.0	8.581639879827287	5.853112043514374	1.9621353767380705	6.029341689319776
1556.0	8.537011182944463	5.7966368337189484	1.8938152761917533	6.021863156153729
1558.0	9.08910240213673	5.7808833938109325	1.8751573632059486	5.94649877223295
1560.0	9.928358838339529	5.833575526192959	1.9130666843898818	5.9113297990156575
1562.0	10.47157881634142	5.868372902323998	1.9492896700631244	5.98590640743198
1564.0	10.542504893164642	5.822077914652431	1.930474325665164	6.098871468128111
1566.0	10.32947543283163	5.734564336663471	1.8805475921388453	6.144103241843347
1568.0	10.204564480128795	5.689520589328994	1.8695118349837756	6.111329122468211
1570.0	10.36137340589374	5.722889057414326	1.9349550261843846	6.0635525144541
1572.0	10.741784354606088	5.779143415887316	2.0169791295016766	6.065934508521715
1574.0	11.009695739002396	5.785055386385507	2.0336745339181204	6.126462586136748
1576.0	10.828268108603142	5.725917542660748	2.0018640135469825	6.189016966341735
1578.0	10.224674387404857	5.631625931793116	2.037378045935592	6.176364149245471
1580.0	9.747369572049987	5.580839457897301	2.1686459884203604	6.086528610536743
1582.0	9.906744078918276	5.614187055826402	2.301822318889495	6.031555399578784
1584.0	10.358437922762239	5.645377658619111	2.3578785190494354	6.092038066527584
1586.0	10.446943032828331	5.59604411493765	2.3451380894484766	6.1992006159361885
1588.0	10.075189636632285	5.49511108196965	2.349973212771107	6.241552374118475
1590.0	9.604852543396628	5.430388417159129	2.455675246053732	6.200272986303682
1592.0	9.368151456608816	5.4455696739804775	2.6432468250228514	6.143101266145591
1594.0	9.423183749981549	5.493443105455613	2.7847790784618134	6.137132250260675
1596.0	9.562767807787203	5.503308274683006	2.806615535119206	6.190376565945975
1598.0	9.440454223286242	5.446379558519115	2.8142939304604195	6.247305011778791
1600.0	8.904697964127626	5.34103360517426	2.96907797979235	6.234128114967975
1602.0	8.078433273485022	5.270048928179292	3.2390947863789847	6.140059962983153
1604.0	7.452040559171016	5.286772339717017	3.448519462364309	6.065018512255014
1606.0	7.370183372515591	5.316472875525559	3.5173983919145955	6.10625270684974
1608.0	7.398299337684218	5.276864893158619	3.5090285867605293	6.2057622711726514
1610.0	7.029148681160562	5.185096320392871	3.5469069541280525	6.243862681725965
1612.0	6.410316070096299	5.121975308391143	3.7328589397190823	6.199296996210838
1614.0	5.950586986719491	5.13139884077701	4.028497988008792	6.134684109779168
1616.0	5.800427940704081	5.176460415686085	4.245777688550303	6.118218008800129
1618.0	5.828920604863354	5.198254982590299	4.279606505736715	6.1642175562762676
1620.0	5.76538525606505	5.168511146691905	4.302053755167154	6.219329950904486
1622.0	5.454070348553649	5.094171553888348	4.539382888839486	6.209147367281983
1624.0	4.9034486325028155	5.036807916489822	4.933537020524113	6.1192370361866635
1626.0	4.336556638461784	5.049783664124628	5.235726937116724	6.039226332281899
1628.0	4.093696273330222	5.078955140456289	5.341232982208909	6.063581973493864
1630.0	4.078593006412892	5.056379011746242	5.328502337932866	6.153051217696233
1632.0	3.8780061769595875	4.992888444047027	5.358003635541237	6.195164556342678
1634.0	3.422079007536138	4.95503501774807	5.547563804969528	6.156573820764598
1636.0	3.0027431791507153	4.976480984010252	5.88040508395788	6.092466305619848
1638.0	2.8240234128872728	5.024681559631641	6.1689722000085725	6.072665523863928
1640.0	2.8133037987844838	5.058687139334757	6.223751284507711	6.112064343055658
1642.0	2.776430257958127	5.063898988462813	6.178479968224361	6.16108802437478
1644.0	2.5889905254214507	5.037253817314745	6.365762902178593	6.14999299728546
1646.0	2.2943620425301288	5.018260725127462	6.8063548647222225	6.062443160382272
1648.0	2.0386370793661226	5.053405321487641	7.204561797316269	5.980832935699533
1650.0	1.9334975092154205	5.093534809371857	7.374190525456148	5.99520674111977
1652.0	1.9255823336314513	5.0869583261031694	7.340123289326423	6.075780636871213
1654.0	1.8469118736049894	5.050578784023682	7.283796223903193	6.117003483438615
1656.0	1.6576062655024508	5.047164759352063	7.385259132616147	6.081294138107012
1658.0	1.4938730601746035	5.095792608504689	7.648081656574164	6.018170498379863
1660.0	1.4368058334017582	5.156461269775381	7.925487085085949	5.993545479350614
1662.0	1.4453426366471724	5.195776509918956	7.995781259744645	6.027947501481423
1664.0	1.4281354244357811	5.219908332248553	7.817023569668803	6.075131809020868
1666.0	1.371636396505405	5.233766473657956	7.708805331836236	6.064937577295833
1668.0	1.3427528209520512	5.255967494149156	7.9496597131439914	5.982163709382011
1670.0	1.3677326199056115	5.312819334792161	8.355148704869038	5.904314224087295
1672.0	1.407944589209558	5.362048868997467	8.581862326725554	5.916570495008499
1674.0	1.415878963458353	5.363240944484864	8.52567221060402	5.9910612006887645
1676.0	1.4067694294073056	5.338168241141326	8.3413583366292	6.029176669536038
1678.0	1.4572688187248009	5.344587437272367	8.252071900850202	5.994113557870648
1680.0	1.6028051200065445	5.399877962499927	8.3663377055785	5.937107503865959
1682.0	1.7592062279251002	5.4658561301184445	8.562635636407014	5.92175846992077
1684.0	1.8182519033501907	5.502605582097106	8.623635647612808	5.961327675213583
1686.0	1.8256531415886448	5.513430321920824	8.405407644208616	6.010319369149828
1688.0	1.9388446366362022	5.513156103901508	7.971900738669548	6.002189987337094
1690.0	2.195457696355429	5.530119116630589	7.7200903559326886	5.930329318110147
1692.0	2.467045464719009	5.589474776844034	7.8701986339815075	5.873739725784753
1694.0	2.6193290734370356	5.640983786006024	8.086796731748843	5.905368254901713
1696.0	2.642555775909303	5.635488590127171	8.023216679459154	5.986962693058168
1698.0	2.663178904543333	5.599406188145809	7.742798088607788	6.023937000613498
1700.0	2.8668841526135056	5.595880111132637	7.483381141338233	5.9908537760339415
1702.0	3.2831783424076115	5.64840704472281	7.418826566096129	5.940763171578405
1704.0	3.702350408571688	5.7133399637205535	7.5011218903546695	5.935913852092746
1706.0	3.8582654505941365	5.743767097371539	7.5453405104837366	5.983773556549793
1708.0	3.8812040867460436	5.738329492148546	7.381131502130912	6.034295073604741
1710.0	4.159840343128428	5.712326419127386	6.980814630934188	6.024457237101588
1712.0	4.708604778823591	5.709277506477935	6.524417232096466	5.95437205613257
1714.0	5.206440356582679	5.762061956681483	6.329337075494692	5.909220832090601
1716.0	5.477973440352645	5.80615810481782	6.3893066468132265	5.959269696297428
1718.0	5.520487197678257	5.786438955140197	6.340053561344442	6.054119854475462
1720.0	5.507668904457293	5.727955172255317	6.03318522039899	6.0935245786416115
1722.0	5.694090639473811	5.699397738022622	5.685134521774514	6.0616001481958275
1724.0	6.183766107174463	5.735466849279156	5.496210674164466	6.01594272786874
1726.0	6.77933996723649	5.798661682877932	5.4834502413900506	6.018467860481892
1728.0	7.092045935951457	5.826490447397858	5.50680491206377	6.073840772579873
1730.0	7.049952785240996	5.797712099239654	5.401426951805537	6.126956049576032
1732.0	7.203882695660429	5.737691730800019	5.1008066984787686	6.11423954591098
1734.0	7.894659940547925	5.710707476446351	4.6828706601579775	6.040509353167751
1736.0	8.691294048596601	5.7569246627083785	4.4070945938262875	5.998354607512426
1738.0	9.166894216167533	5.8041755849852255	4.373663434528043	6.052209249198861
1740.0	9.247139708224102	5.778357341417027	4.34745430102454	6.143391117761896
1742.0	9.111519922190539	5.699453934861828	4.1216797962839475	6.178087201109495
1744.0	9.100623375088784	5.643705395718315	3.7922148357980046	6.142096299955757
1746.0	9.389636257034283	5.660709134867313	3.5674281168840256	6.09341243364571
1748.0	9.8846700335327	5.721007395113559	3.5128853087027294	6.0949332447364135
1750.0	10.216774906893829	5.751639587630995	3.5239533106315726	6.152826384007173
1752.0	10.082661342238394	5.711599915114221	3.4580972821223424	6.210333788153662
1754.0	9.657681682538941	5.619800315593652	3.265299945243458	6.201325543074409
1756.0	9.589327255562273	5.563692427542939	2.998931475434942	6.1299832834606836
1758.0	10.12774052267325	5.602783465175596	2.7963104077767125	6.089262427283794
1760.0	10.718106001710701	5.660893972640405	2.7422964461099912	6.149228779001713
1762.0	10.846702127602304	5.643051729986827	2.72963553946549	6.250110933088808
1764.0	10.555925506565702	5.557483016467215	2.5997297812943074	6.290936565833806
1766.0	10.219155141677675	5.484727888091882	2.3810592241711173	6.258421455369898
1768.0	10.126659881289438	5.48290653021758	2.2195329259464134	6.2109989471170675
1770.0	10.305600470366958	5.53357674998442	2.173043480807263	6.209624657529867
1772.0	10.51870947096311	5.566320787148855	2.1782339957163326	6.26210628913705
1774.0	10.403075960056709	5.529321320141465	2.1421704125061045	6.314692572960945
1776.0	9.838172560709527	5.429929769425426	2.040618564926717	6.303423483808684
1778.0	9.055138061220273	5.352540453854247	1.916862220951166	6.22961372426135
1780.0	8.626321215302166	5.36302002991321	1.837759037653169	6.177808941252663
1782.0	8.737728805534768	5.40526033093662	1.8209757949715364	6.21468824904764
1784.0	8.824671300986154	5.390242777743668	1.8168481220207509	6.298034186849159
1786.0	8.465215808797957	5.310264807334488	1.7659268496978526	6.337652806661131
1788.0	7.883434106935218	5.235324951756901	1.6864668262139968	6.308382975028612
1790.0	7.477360633912111	5.224303703680281	1.6450469501418052	6.260879258383774
1792.0	7.380365324400738	5.267161200037821	1.6590252555285343	6.254455079143813
1794.0	7.45338741314861	5.306489698945511	1.676154973165428	6.297458898105497
1796.0	7.388743875056131	5.290397497213764	1.6626752824013609	6.344262661305427
1798.0	7.019991874669653	5.218317704368454	1.6654182498891952	6.331677430735738
1800.0	6.373358955337304	5.1557584767177165	1.7171204500726858	6.258895268668278
1802.0	5.725043293918342	5.163590953241668	1.7762948403986827	6.206680354647515
1804.0	5.478703762566693	5.200252935411014	1.8065558187905435	6.2354145674852015
1806.0	5.479352540581728	5.193163275295533	1.8079808562705595	6.307298022945238
1808.0	5.2356202239459675	5.130755856133932	1.8092570404693942	6.341825345999949
1810.0	4.7011856192928105	5.0703973001652685	1.8526859885867604	6.311674899789571
1812.0	4.227121239985639	5.06114476692471	1.9505275838740468	6.262324975407473
1814.0	4.031169826593872	5.0980227013795645	2.0514169575001926	6.25312513538526
1816.0	4.027093295728686	5.136728043909466	2.0912935679107383	6.29624785240119
1818.0	3.989791306314605	5.135242876214312	2.084970656428626	6.3466826499420455
1820.0	3.7658144780181915	5.087876114002618	2.155207837619199	6.341587633226056
1822.0	3.3813936481333293	5.046152947863884	2.3549555460717118	6.2729865042898165
1824.0	2.994254326429252	5.06243574193611	2.566770220559247	6.220642830887398
1826.0	2.810600409803724	5.099321716115488	2.6641160598180575	6.249926966769306
1828.0	2.795840843076081	5.101709085794131	2.670958072727213	6.321655019538155
1830.0	2.685201919441418	5.06162536948986	2.6932227698792497	6.353858162032528
1832.0	2.3897401460061793	5.024149124578144	2.8227766038691753	6.322047670950624
1834.0	2.097021944830676	5.029993106632278	3.0465863184848403	6.271119996696844
1836.0	1.9636835735089093	5.074108390876723	3.247472702098202	6.2602306659092335
1838.0	1.9567896846186987	5.114971495784196	3.3161264692483643	6.300195795143507
1840.0	1.9363111434918105	5.120519454077697	3.312897926243597	6.347214702728807
1842.0	1.8197348566375644	5.091715948876685	3.4228929310828997	6.341085910190889
1844.0	1.6544135532359616	5.0715016153848955	3.704027447035955	6.271145756938218
1846.0	1.5409174281752533	5.10027888747342	4.003595545735482	6.216589418333238
1848.0	1.5163312816980827	5.140147426392855	4.156767230241001	6.250364385207782
1850.0	1.5202187129335272	5.139697258213311	4.171713249207725	6.330903135945699
1852.0	1.4815928642606302	5.0988257891991005	4.178650154649978	6.367557007961334
1854.0	1.4196288396872063	5.0699512038165615	4.321940633897878	6.336613832526776
1856.0	1.4150852820406938	5.090748090528164	4.61479353975376	6.28500945106456
1858.0	1.4705011687872755	5.149649237305638	4.909395451025144	6.2710255534840975
1860.0	1.5100083792285979	5.197285005629219	5.025777398507523	6.307948792922287
1862.0	1.5056219524105237	5.200873198314684	5.009501897789239	6.354233783303371
1864.0	1.5234712073126744	5.167430680720429	5.110090326081179	6.351308435991145
1866.0	1.631514184898086	5.147990247134841	5.430114910175557	6.286358083152336
1868.0	1.7938361432884742	5.190365062766467	5.799880195991046	6.229235044968175
1870.0	1.9089802176159996	5.245464598527059	6.0184755795213905	6.253126341320253
1872.0	1.930818657548739	5.243037187820045	6.043697147087021	6.327936401415864
1874.0	1.9357448930505465	5.191328671330718	6.008363575552805	6.368164207190053
1876.0	2.0631217299910256	5.153781226467003	6.091438957483103	6.344309729794172
1878.0	2.3541478160874947	5.176483785130887	6.360403561816524	6.298325704823973
1880.0	2.655414873212941	5.245408821984086	6.684256235312439	6.287284885707803
1882.0	2.773789764944009	5.300676179037789	6.842695524176524	6.326201026226494
1884.0	2.7890376132460895	5.300094089153462	6.787753307960512	6.375012442749612
1886.0	2.981112513273353	5.2531489784163385	6.766976680471729	6.3789349624816705
1888.0	3.383367050718631	5.23075858924502	6.997269914787864	6.327018962039034
1890.0	3.7703694317279925	5.288520542307322	7.37570223747693	6.281310428725791
1892.0	3.9869041640056233	5.3641144509971905	7.644572699014717	6.3074591286531945
1894.0	4.028944149624811	5.371645746392451	7.684804309685977	6.381161672724553
1896.0	4.031079588347085	5.314287215283658	7.575452166498728	6.430131964856509
1898.0	4.219336050822151	5.265813246717939	7.5234308277480855	6.421841098634441
1900.0	4.676384823351246	5.285613679110974	7.662310463135563	6.383858888142657
1902.0	5.21905629075206	5.362401574016347	7.931168181221266	6.371928558837263
1904.0	5.4916161279976405	5.427465337845133	8.109477732764276	6.408280079574616
1906.0	5.4928217156110986	5.425558254276942	8.02238527823092	6.457625902938049
1908.0	5.7273994567779205	5.365444189051646	7.809011594997459	6.468624670834301
1910.0	6.383439809503547	5.33609513138976	7.781784943554041	6.42560166204512
1912.0	7.053744951916321	5.393863748053423	8.022567388739816	6.379455599050238
1914.0	7.445766157834692	5.47486718403626	8.302582187773625	6.393106371788588
1916.0	7.525568193231698	5.49085671621962	8.359678435298065	6.452422292175992
1918.0	7.454069838285724	5.432334498523212	8.179451581456044	6.4911206188340165
1920.0	7.527909447732052	5.368579066565041	7.965802183721451	6.480165970488719
1922.0	7.913423982322192	5.374603917542419	7.920154148276617	6.445721497738432
1924.0	8.477865237028285	5.45180321496206	8.059042402811873	6.435939391960307
1926.0	8.850233253587557	5.524926915658662	8.187358860165881	6.468227500900109
1928.0	8.776955657831113	5.525014229593389	8.092553340511808	6.510637167491026
1930.0	8.591320887869125	5.4572421561099445	7.699885810718353	6.514071555199479
1932.0	8.917430791601182	5.416494078856185	7.292962745282588	6.474253903381108
1934.0	9.69632802128169	5.478169237126491	7.242738374258367	6.442559393266268
1936.0	10.316230793380608	5.5706511901148685	7.439179267546417	6.464838306243675
1938.0	10.461401844001287	5.593816079432625	7.495743280346623	6.520326632462005
1940.0	10.254616759552743	5.534188674418311	7.277165372421697	6.554019458464105
1942.0	10.061911597766684	5.463083310102152	6.943354511812456	6.542039432796775
1944.0	10.130507428893733	5.456297639803254	6.7329769084367665	6.508712711343314
1946.0	10.451952293988944	5.519167724313101	6.714441002460987	6.501452516643653
1948.0	10.746344858294707	5.58667658815548	6.776292404857385	6.536110007494209
1950.0	10.65393351338748	5.585330919504512	6.711100821589848	6.5796413601501325
1952.0	10.126094573096033	5.504309684490215	6.394745210693988	6.58117834854232
1954.0	9.537200952673336	5.435970034667368	5.871356058911728	6.540990258404513
1956.0	9.451176572779225	5.46202458803675	5.477041441601362	6.517107987545053
1958.0	9.807864614810642	5.528794001575397	5.431445971749318	6.547125974467093
1960.0	9.963882623633086	5.546991045829383	5.4595701228771265	6.604312691350471
1962.0	9.64613216696245	5.488930837578834	5.249177615200146	6.6387427080868635
1964.0	9.14980344659264	5.416603601937572	4.89357366290821	6.626336737769398
1966.0	8.845178527677692	5.402818021569723	4.620420773913382	6.5939305306219325
1968.0	8.844202363237342	5.457871229543222	4.5257751150538486	6.58554693030092
1970.0	8.986932071158991	5.520391612838765	4.541296574143374	6.617254053375227
1972.0	8.925464457960112	5.525816938316039	4.505993861832803	6.660189140314002
1974.0	8.492389117003992	5.467152886372935	4.317909319341379	6.664243183804363
1976.0	7.767991828241344	5.407311204728197	3.9839137508330453	6.614835497487335
1978.0	7.128384773229167	5.421117611979774	3.6552969051637487	6.574532908117528
1980.0	6.965158475503242	5.477448751953134	3.5234191712813376	6.603594623081479
1982.0	7.009059402246992	5.4934787101393034	3.520689408481846	6.6723794202352025
1984.0	6.733912899285882	5.441529409218185	3.399708092613857	6.712052221362011
1986.0	6.151809139833295	5.3735055811092085	3.1278125676240647	6.698852244050909
1988.0	5.660469406816787	5.36412240546465	2.884955470357988	6.66200288369878
1990.0	5.4723771848321965	5.425185788692532	2.795699443600004	6.650745958812942
1992.0	5.49200419587316	5.493779392862786	2.8002595494522478	6.681663307458124
1994.0	5.457436965170036	5.505453047793049	2.779380224896204	6.722187967150123
1996.0	5.194314372357092	5.461801237783578	2.6696938104143344	6.722305200784277
1998.0	4.716215476680465	5.427248118849867	2.501316785909361	6.669283269991049
2000.0	4.1861261873916344	5.462038130852978	2.357362241975538	6.6158917310080385
