# Coupling strenght [wc]  EnergyDriving [aJ].      log10(DissociationProb.)
5.000000000000000104e-03 3.180375145732190138e-04 -1.075472193551257938e+01
5.000000000000000104e-03 4.947418830652643975e-04 -9.460194654848983475e+00
5.000000000000000104e-03 6.913190135866939708e-04 -6.973589349237849788e+00
5.000000000000000104e-03 9.125170207561612802e-04 -6.074399091670262152e+00
5.000000000000000104e-03 1.162030103370915871e-03 -5.738221410797427424e+00
5.000000000000000104e-03 1.442642251512825597e-03 -5.089759900520433256e+00
5.000000000000000104e-03 1.756410113746594741e-03 -5.029619487329089367e+00
5.000000000000000104e-03 2.104837476851092928e-03 -4.835841464752866692e+00
5.000000000000000104e-03 2.489020552152926887e-03 -4.643257674710963734e+00
5.000000000000000104e-03 2.909760130016398640e-03 -3.456504285555989764e+00
5.000000000000000104e-03 3.367644465769918660e-03 -3.018859541225359600e+00
5.000000000000000104e-03 3.863109065908817454e-03 -2.841779155874107232e+00
5.000000000000000104e-03 4.396479295790649798e-03 -2.739955058609928162e+00
9.999999999999998473e-03 3.180375145732190138e-04 -5.330431313480520572e+00
9.999999999999998473e-03 4.947418830652643975e-04 -3.775160953128619656e+00
9.999999999999998473e-03 6.913190135866939708e-04 -3.281143964452815531e+00
9.999999999999998473e-03 9.125170207561612802e-04 -2.801450282442172313e+00
9.999999999999998473e-03 1.162030103370915871e-03 -2.432703244443906954e+00
9.999999999999998473e-03 1.442642251512825597e-03 -2.434356599426436674e+00
9.999999999999998473e-03 1.756410113746594741e-03 -2.293238747362253527e+00
9.999999999999998473e-03 2.104837476851092928e-03 -1.735208422609728185e+00
9.999999999999998473e-03 2.489020552152926887e-03 -1.844096990384110013e+00
9.999999999999998473e-03 2.909760130016398640e-03 -1.142597177812881837e+00
9.999999999999998473e-03 3.367644465769918660e-03 -1.006009110680359697e+00
9.999999999999998473e-03 3.863109065908817454e-03 -8.945179666985746403e-01
9.999999999999998473e-03 4.396479295790649798e-03 -8.188123755947550597e-01
1.499999999999999944e-02 3.180375145732190138e-04 -4.778543916381688739e+00
1.499999999999999944e-02 4.947418830652643975e-04 -3.260742074114875599e+00
1.499999999999999944e-02 6.913190135866939708e-04 -2.757701412642821648e+00
1.499999999999999944e-02 9.125170207561612802e-04 -2.304043242011878601e+00
1.499999999999999944e-02 1.162030103370915871e-03 -2.105448023815946090e+00
1.499999999999999944e-02 1.442642251512825597e-03 -1.800144843141328277e+00
1.499999999999999944e-02 1.756410113746594741e-03 -1.578888648254800575e+00
1.499999999999999944e-02 2.104837476851092928e-03 -1.271168329073134595e+00
1.499999999999999944e-02 2.489020552152926887e-03 -1.116809523450352115e+00
1.499999999999999944e-02 2.909760130016398640e-03 -7.530608920755457181e-01
1.499999999999999944e-02 3.367644465769918660e-03 -6.518213328276681873e-01
1.499999999999999944e-02 3.863109065908817454e-03 -5.385961875742754090e-01
1.499999999999999944e-02 4.396479295790649798e-03 -4.545456089367336805e-01
1.999999999999999695e-02 3.180375145732190138e-04 -5.498601746792565415e+00
1.999999999999999695e-02 4.947418830652643975e-04 -3.568932252641676683e+00
1.999999999999999695e-02 6.913190135866939708e-04 -2.696467304278564736e+00
1.999999999999999695e-02 9.125170207561612802e-04 -2.524213353794948933e+00
1.999999999999999695e-02 1.162030103370915871e-03 -2.101634597314050890e+00
1.999999999999999695e-02 1.442642251512825597e-03 -1.823826740387251233e+00
1.999999999999999695e-02 1.756410113746594741e-03 -1.703724890356406396e+00
1.999999999999999695e-02 2.104837476851092928e-03 -1.414271019013937591e+00
1.999999999999999695e-02 2.489020552152926887e-03 -1.213794723288869948e+00
1.999999999999999695e-02 2.909760130016398640e-03 -7.243635690165840524e-01
1.999999999999999695e-02 3.367644465769918660e-03 -6.222055111984363673e-01
1.999999999999999695e-02 3.863109065908817454e-03 -5.150563569239663408e-01
1.999999999999999695e-02 4.396479295790649798e-03 -4.367300011909118762e-01
2.499999999999999792e-02 3.180375145732190138e-04 -6.781084027623359489e+00
2.499999999999999792e-02 4.947418830652643975e-04 -4.392367591165720953e+00
2.499999999999999792e-02 6.913190135866939708e-04 -3.446593256385374726e+00
2.499999999999999792e-02 9.125170207561612802e-04 -2.952444874780570494e+00
2.499999999999999792e-02 1.162030103370915871e-03 -2.686217638314789546e+00
2.499999999999999792e-02 1.442642251512825597e-03 -2.371828763354939529e+00
2.499999999999999792e-02 1.756410113746594741e-03 -1.896347617826858345e+00
2.499999999999999792e-02 2.104837476851092928e-03 -1.751202118799992435e+00
2.499999999999999792e-02 2.489020552152926887e-03 -1.059567412490808103e+00
2.499999999999999792e-02 2.909760130016398640e-03 -8.310475153637768564e-01
2.499999999999999792e-02 3.367644465769918660e-03 -7.636524216586451086e-01
2.499999999999999792e-02 3.863109065908817454e-03 -5.684790983784567819e-01
2.499999999999999792e-02 4.396479295790649798e-03 -4.102438105587953854e-01
2.999999999999999889e-02 3.180375145732190138e-04 -1.154576257025764363e+01
2.999999999999999889e-02 4.947418830652643975e-04 -5.728955267836671972e+00
2.999999999999999889e-02 6.913190135866939708e-04 -3.880496713505734441e+00
2.999999999999999889e-02 9.125170207561612802e-04 -3.331140243216206720e+00
2.999999999999999889e-02 1.162030103370915871e-03 -3.003345410298043916e+00
2.999999999999999889e-02 1.442642251512825597e-03 -2.745065322414482978e+00
2.999999999999999889e-02 1.756410113746594741e-03 -2.525833851740690417e+00
2.999999999999999889e-02 2.104837476851092928e-03 -2.362208964077777473e+00
2.999999999999999889e-02 2.489020552152926887e-03 -1.787903133494643804e+00
2.999999999999999889e-02 2.909760130016398640e-03 -1.295765981362259955e+00
2.999999999999999889e-02 3.367644465769918660e-03 -1.118339506332894029e+00
2.999999999999999889e-02 3.863109065908817454e-03 -9.049031970010290582e-01
2.999999999999999889e-02 4.396479295790649798e-03 -6.377821679402391197e-01
