# Coupling strenght [wc]  EnergyDriving [aJ].      log10(DissociationProb.)
0.000000000000000000e+00 2.833835746337659035e-03 -8.889557035689712450e+00
0.000000000000000000e+00 5.667671492675318071e-03 -7.741820729200915352e+00
0.000000000000000000e+00 1.133534298535063614e-02 -7.527765018365023764e+00
0.000000000000000000e+00 1.416917873168829431e-02 -7.421008042520344183e+00
0.000000000000000000e+00 2.267068597070127228e-02 -6.903236573013361799e+00
0.000000000000000000e+00 2.833835746337658862e-02 -6.836922518643717694e+00
0.000000000000000000e+00 3.400602895605190495e-02 -6.691826365024063250e+00
0.000000000000000000e+00 4.250753619506487946e-02 -4.714916017658531189e+00
0.000000000000000000e+00 5.667671492675317724e-02 -3.351905221328375095e+00
0.000000000000000000e+00 8.501507239012975892e-02 -8.807494092658684215e-01
0.000000000000000000e+00 1.133534298535063545e-01 -6.799933420266676687e-02
5.000000000000000104e-03 2.833835746337659035e-03 -8.671614448192816127e+00
5.000000000000000104e-03 5.667671492675318071e-03 -8.309541897626186113e+00
5.000000000000000104e-03 1.133534298535063614e-02 -8.296628069811198714e+00
5.000000000000000104e-03 1.416917873168829431e-02 -8.002457068805558293e+00
5.000000000000000104e-03 2.267068597070127228e-02 -7.619014240906821556e+00
5.000000000000000104e-03 2.833835746337658862e-02 -7.560589031111542013e+00
5.000000000000000104e-03 3.400602895605190495e-02 -7.452031038950147845e+00
5.000000000000000104e-03 4.250753619506487946e-02 -4.791991265876205830e+00
5.000000000000000104e-03 5.667671492675317724e-02 -3.309610464246240724e+00
5.000000000000000104e-03 8.501507239012975892e-02 -8.832658419846280973e-01
5.000000000000000104e-03 1.133534298535063545e-01 -7.634912550007881549e-02
1.000000000000000021e-02 2.833835746337659035e-03 -8.266956002666148606e+00
1.000000000000000021e-02 5.667671492675318071e-03 -8.047111525982057145e+00
1.000000000000000021e-02 1.133534298535063614e-02 -7.767477942271363567e+00
1.000000000000000021e-02 1.416917873168829431e-02 -7.360510025624816599e+00
1.000000000000000021e-02 2.267068597070127228e-02 -7.104096668121798963e+00
1.000000000000000021e-02 2.833835746337658862e-02 -6.756335314685446569e+00
1.000000000000000021e-02 3.400602895605190495e-02 -6.418250387888893904e+00
1.000000000000000021e-02 4.250753619506487946e-02 -5.021838567779316698e+00
1.000000000000000021e-02 5.667671492675317724e-02 -3.345560495679020363e+00
1.000000000000000021e-02 8.501507239012975892e-02 -8.921322800731764646e-01
1.000000000000000021e-02 1.133534298535063545e-01 -8.220519043823809602e-02
1.499999999999999944e-02 2.833835746337659035e-03 -7.532295689678363715e+00
1.499999999999999944e-02 5.667671492675318071e-03 -6.691343072075522258e+00
1.499999999999999944e-02 1.133534298535063614e-02 -6.113370718909809653e+00
1.499999999999999944e-02 1.416917873168829431e-02 -5.932523159520827427e+00
1.499999999999999944e-02 2.267068597070127228e-02 -5.701461710666229088e+00
1.499999999999999944e-02 2.833835746337658862e-02 -5.619846842201104309e+00
1.499999999999999944e-02 3.400602895605190495e-02 -5.524485982146610574e+00
1.499999999999999944e-02 4.250753619506487946e-02 -4.830671955247472837e+00
1.499999999999999944e-02 5.667671492675317724e-02 -3.317830237556801620e+00
1.499999999999999944e-02 8.501507239012975892e-02 -8.846749421584823025e-01
1.499999999999999944e-02 1.133534298535063545e-01 -8.668393694286333218e-02
2.000000000000000042e-02 2.833835746337659035e-03 -6.297133330758295955e+00
2.000000000000000042e-02 5.667671492675318071e-03 -6.098837443294764959e+00
2.000000000000000042e-02 1.133534298535063614e-02 -5.954898377873909077e+00
2.000000000000000042e-02 1.416917873168829431e-02 -5.358979537802429860e+00
2.000000000000000042e-02 2.267068597070127228e-02 -4.874005633194224529e+00
2.000000000000000042e-02 2.833835746337658862e-02 -4.066202579352472313e+00
2.000000000000000042e-02 3.400602895605190495e-02 -3.267723481771062755e+00
2.000000000000000042e-02 4.250753619506487946e-02 -2.838161329711199166e+00
2.000000000000000042e-02 5.667671492675317724e-02 -2.061981933218524521e+00
2.000000000000000042e-02 8.501507239012975892e-02 -7.784231544946211834e-01
2.000000000000000042e-02 1.133534298535063545e-01 -9.034199293677915021e-02
2.500000000000000139e-02 2.833835746337659035e-03 -6.177198873073029617e+00
2.500000000000000139e-02 5.667671492675318071e-03 -5.784475720229396600e+00
2.500000000000000139e-02 1.133534298535063614e-02 -5.435642217280054034e+00
2.500000000000000139e-02 1.416917873168829431e-02 -5.382334818239795204e+00
2.500000000000000139e-02 2.267068597070127228e-02 -4.554517085174559554e+00
2.500000000000000139e-02 2.833835746337658862e-02 -3.622781621855970080e+00
2.500000000000000139e-02 3.400602895605190495e-02 -2.823712652518056032e+00
2.500000000000000139e-02 4.250753619506487946e-02 -2.099246548231949561e+00
2.500000000000000139e-02 5.667671492675317724e-02 -1.386353043217895875e+00
2.500000000000000139e-02 8.501507239012975892e-02 -6.391637402884042807e-01
2.500000000000000139e-02 1.133534298535063545e-01 -9.211366064429744871e-02
2.999999999999999889e-02 2.833835746337659035e-03 -5.762466976086933812e+00
2.999999999999999889e-02 5.667671492675318071e-03 -5.545512754389028132e+00
2.999999999999999889e-02 1.133534298535063614e-02 -5.236586586691105438e+00
2.999999999999999889e-02 1.416917873168829431e-02 -4.945420011493945722e+00
2.999999999999999889e-02 2.267068597070127228e-02 -4.274269501956116102e+00
2.999999999999999889e-02 2.833835746337658862e-02 -3.529979180560888441e+00
2.999999999999999889e-02 3.400602895605190495e-02 -2.820219927740982069e+00
2.999999999999999889e-02 4.250753619506487946e-02 -1.636088275320922492e+00
2.999999999999999889e-02 5.667671492675317724e-02 -1.111296449404776343e+00
2.999999999999999889e-02 8.501507239012975892e-02 -5.946139539975633381e-01
2.999999999999999889e-02 1.133534298535063545e-01 -9.797930741499180640e-02
3.500000000000000333e-02 2.833835746337659035e-03 -5.818656404132662274e+00
3.500000000000000333e-02 5.667671492675318071e-03 -5.550288624367518686e+00
3.500000000000000333e-02 1.133534298535063614e-02 -4.430496331799066212e+00
3.500000000000000333e-02 1.416917873168829431e-02 -4.254227815135186219e+00
3.500000000000000333e-02 2.267068597070127228e-02 -3.739953416555372279e+00
3.500000000000000333e-02 2.833835746337658862e-02 -3.506977460652978884e+00
3.500000000000000333e-02 3.400602895605190495e-02 -3.150161304547793861e+00
3.500000000000000333e-02 4.250753619506487946e-02 -2.147891034015449563e+00
3.500000000000000333e-02 5.667671492675317724e-02 -7.614222878181802212e-01
3.500000000000000333e-02 8.501507239012975892e-02 -5.987110313515365823e-01
3.500000000000000333e-02 1.133534298535063545e-01 -1.105065890272707158e-01
4.000000000000000083e-02 2.833835746337659035e-03 -5.197962150406597814e+00
4.000000000000000083e-02 5.667671492675318071e-03 -4.824452911453298576e+00
4.000000000000000083e-02 1.133534298535063614e-02 -4.349635166561031774e+00
4.000000000000000083e-02 1.416917873168829431e-02 -4.182374605024402392e+00
4.000000000000000083e-02 2.267068597070127228e-02 -3.756017900476341875e+00
4.000000000000000083e-02 2.833835746337658862e-02 -3.532089438165352480e+00
4.000000000000000083e-02 3.400602895605190495e-02 -3.326979429913258901e+00
4.000000000000000083e-02 4.250753619506487946e-02 -2.650915667864858438e+00
4.000000000000000083e-02 5.667671492675317724e-02 -8.575258137791728075e-01
4.000000000000000083e-02 8.501507239012975892e-02 -5.443359713173423486e-01
4.000000000000000083e-02 1.133534298535063545e-01 -1.252369222903385038e-01
