2.402387345999841273e-01
2.088485828567244185e-01
1.792755979204038730e-01
1.514167928957214915e-01
1.251691808873758305e-01
1.004297750000659878e-01
7.710544787379207399e-02
5.514251028975893781e-02
3.449659923202361145e-02
1.511108503831792849e-02
-3.082928599951628712e-03
-2.015115770559289254e-02
-3.614446382847602557e-02
-5.110999949930094405e-02
-6.509502302725135581e-02
-7.814689849999459370e-02
-9.031519365405533961e-02
-1.016582724251283987e-01
-1.122357066979390583e-01
-1.220842730396802661e-01
-1.312179527000125745e-01
-1.396542505240385423e-01
-1.474287301416775109e-01
-1.545808276085132160e-01
-1.611352067577119240e-01
-1.671017592000225704e-01
-1.725057648319262282e-01
-1.774366257749909748e-01
-1.819963074914602297e-01
-1.862070294848546526e-01
-1.900112652999723373e-01
-1.933677736024511928e-01
-1.963143224036754952e-01
-1.989073304852415902e-01
-2.011778806055875279e-01
-2.031317194999928410e-01
-2.047773647826642562e-01
-2.061388238484136992e-01
-2.072423970856549780e-01
-2.080780574971551888e-01
-2.085994507000351050e-01
-2.088019409730783871e-01
-2.088540850479194133e-01
-2.089570528339518285e-01
-2.090662607251310978e-01
-2.088913715999752285e-01
-2.082201262308594480e-01
-2.071953167074043201e-01
-2.060427006149385676e-01
-2.048546968659238077e-01
-2.035903856999539685e-01
-2.022105876162073324e-01
-2.007062734866094655e-01
-1.990770289388817116e-01
-1.973472143407461743e-01
-1.955659647999254402e-01
-1.937643891180970690e-01
-1.918971822223216050e-01
-1.899025018683219157e-01
-1.877775306500990560e-01
-1.855784759999323796e-01
-1.833557530131621482e-01
-1.811263422481069474e-01
-1.788973008918390006e-01
-1.766396971806450944e-01
-1.742886104000263003e-01
-1.718083034924559049e-01
-1.692860329762575500e-01
-1.668351553229272810e-01
-1.644621128657829667e-01
-1.620664337999641880e-01
-1.595737532935521952e-01
-1.570327281695566846e-01
-1.545200624194436045e-01
-1.520501703933329896e-01
-1.495751767999990989e-01
-1.470587908004276911e-01
-1.445218923455547921e-01
-1.419980644587365837e-01
-1.394843287867840176e-01
-1.369411455999624827e-01
-1.343435226785453795e-01
-1.317310163431059389e-01
-1.291573791908193769e-01
-1.266317240739851524e-01
-1.241185241000266753e-01
-1.215938296235586497e-01
-1.190877634218520664e-01
-1.166417095690843730e-01
-1.142451455380049524e-01
-1.118356421999351369e-01
-1.093701978784105550e-01
-1.068925479408549678e-01
-1.044663162731368639e-01
-1.021138246829927931e-01
-9.981609290002781132e-02
-9.755549658989698392e-02
-9.532701813256626300e-02
-9.312879158657930145e-02
-9.095895101047959952e-02
-8.881563046281081009e-02
-8.669696400211648890e-02
-8.460108568694027498e-02
-8.252612957582575182e-02
-8.047022972731650292e-02
-7.843152019995612567e-02
-7.640898801021904496e-02
-7.440503200630309288e-02
-7.242290399433694292e-02
-7.046585578044926856e-02
-6.853713917076872941e-02
-6.664000597142395732e-02
-6.477770798854365353e-02
-6.295349702825644989e-02
-6.117062489669106151e-02
-5.943234339997613414e-02
-5.774087357124244035e-02
-5.609431335162920473e-02
-5.448972990927777177e-02
-5.292419041232952759e-02
-5.139476202892579587e-02
-4.989851192720795581e-02
-4.843250727531733107e-02
-4.699381524139530780e-02
-4.557950299358320967e-02
-4.418663770002240199e-02
-4.281333249471484109e-02
-4.146188437510495151e-02
-4.013563630449770020e-02
-3.883793124619814435e-02
-3.757211216351127869e-02
-3.634152201974209101e-02
-3.514950377819562460e-02
-3.399940040217690196e-02
-3.289455485499089005e-02
-3.183831009994262523e-02
-3.083270759589296431e-02
-2.987458278392604583e-02
-2.895946960068187387e-02
-2.808290198280045599e-02
-2.724041386692175465e-02
-2.642753918968581903e-02
-2.563981188773258035e-02
-2.487276589770206700e-02
-2.412193515623426571e-02
-2.338285359996917015e-02
-2.265234946376249933e-02
-2.193242817533284580e-02
-2.122638946061452050e-02
-2.053753304554184478e-02
-1.986915865604912956e-02
-1.922456601807069274e-02
-1.860705485754084176e-02
-1.801992490039390146e-02
-1.746647587256417236e-02
-1.695000749998598621e-02
-1.647259516677507946e-02
-1.603141688977294949e-02
-1.562242634400252961e-02
-1.524157720448673405e-02
-1.488482314624850478e-02
-1.454811784431076296e-02
-1.422741497369643324e-02
-1.391866820942844370e-02
-1.361783122652973459e-02
-1.332085770002321840e-02
-1.302454016249026021e-02
-1.272902657674594359e-02
-1.243530376316377695e-02
-1.214435854211727041e-02
-1.185717773397994106e-02
-1.157474815912529209e-02
-1.129805663792684579e-02
-1.102808999075810537e-02
-1.076583503799259135e-02
-1.051227860000380869e-02
-1.026812760345029336e-02
-1.003296940013065873e-02
-9.806111448128559602e-03
-9.586861205527623039e-03
-9.374526130411500388e-03
-9.168413680863829116e-03
-8.967831314968244955e-03
-8.772086490808395781e-03
-8.580486666467926002e-03
-8.392339300030467880e-03
-8.207091650380965789e-03
-8.024750179609541414e-03
-7.845461150607623349e-03
-7.669370826266636715e-03
-7.496625469477998828e-03
-7.327371343133139148e-03
-7.161754710123481062e-03
-6.999921833340446223e-03
-6.842018975675458886e-03
-6.688192400019943307e-03
-6.538547882960100456e-03
-6.393029255861240774e-03
-6.251539863783450550e-03
-6.113983051786819542e-03
-5.980262164931433172e-03
-5.850280548277374260e-03
-5.723941546884741237e-03
-5.601148505813607383e-03
-5.481804770124074598e-03
-5.365813684876221366e-03
-5.253078595130132242e-03
-5.143502845945903054e-03
-5.036989782383608817e-03
-4.933442749503352300e-03
-4.832765092365205913e-03
-4.734860156029268956e-03
-4.639631285555619912e-03
-4.546981826004352877e-03
-4.456815122435547200e-03
-4.369034519909300446e-03
-4.283543363485688496e-03
-4.200244998224806313e-03
-4.119042769186736716e-03
-4.039840021431572933e-03
-3.962540100019394315e-03
-3.887053635710968798e-03
-3.813320402069741034e-03
-3.741287458359843394e-03
-3.670901863845394374e-03
-3.602110677790525042e-03
-3.534860959459355193e-03
-3.469099768116015031e-03
-3.404774163024624350e-03
-3.341831203449313354e-03
-3.280217948654202704e-03
-3.219881457903423037e-03
-3.160768790461095015e-03
-3.102827005591343203e-03
-3.046003162558296069e-03
-2.990244320626075144e-03
-2.935497539058809762e-03
-2.881709877120620586e-03
-2.828828394075637385e-03
-2.776800149187981254e-03
-2.725572201721780229e-03
-2.675091610941155839e-03
-2.625305436110237853e-03
-2.576160736493147800e-03
-2.527604571354013282e-03
-2.479583999956957562e-03
-2.432055790396266907e-03
-2.385015546086857469e-03
-2.338468579273812308e-03
-2.292420202202206676e-03
-2.246875727117122763e-03
-2.201840466263636255e-03
-2.157319731886829777e-03
-2.113318836231778148e-03
-2.069843091543564426e-03
-2.026897810067263429e-03
-1.984488304047957348e-03
-1.942619885730723387e-03
-1.901297867360639618e-03
-1.860527561182787797e-03
-1.820314279442242960e-03
-1.780663334384087948e-03
-1.741580038253398447e-03
-1.703069703295255781e-03
-1.665137641754736719e-03
-1.627789165876922586e-03
-1.591029587906889501e-03
-1.554864220089719222e-03
-1.519298374670487433e-03
-1.484337363894276543e-03
-1.449986500006161805e-03
-1.416248481941893454e-03
-1.383115555399884802e-03
-1.350577352769223279e-03
-1.318623506438990458e-03
-1.287243648798273984e-03
-1.256427412236154999e-03
-1.226164429141721147e-03
-1.196444331904054003e-03
-1.167256752912240779e-03
-1.138591324555363266e-03
-1.110437679222507808e-03
-1.082785449302758581e-03
-1.055624267185198027e-03
-1.028943765258913791e-03
-1.002733575912987448e-03
-9.769833315365057756e-04
-9.516826645185511068e-04
-9.268212072482098947e-04
-9.023885921145645807e-04
-8.783744515067017262e-04
-8.547684178137036643e-04
-8.315601234246571731e-04
-8.087392007286440436e-04
-7.862952821147512709e-04
-7.642179999720610795e-04
-7.425004316984477101e-04
-7.211494347269326510e-04
-7.001753114993287562e-04
-6.795883644574454100e-04
-6.593988960430952496e-04
-6.396172086980878762e-04
-6.202536048642361436e-04
-6.013183869833494365e-04
-5.828218574972403917e-04
-5.647743188477185022e-04
-5.471860734765966218e-04
-5.300674238256840266e-04
-5.134286723367936789e-04
-4.972801214517355052e-04
-4.816320736123204079e-04
-4.664948312603605361e-04
-4.518786968376656537e-04
-4.377939727860483436e-04
-4.242509615473183697e-04
-4.112599655632879895e-04
-3.988312872757672381e-04
-3.869752291265683730e-04
-3.757020935575012123e-04
-3.650221830103780678e-04
-3.549457999270089203e-04
-3.454753551273926433e-04
-3.365816929442722971e-04
-3.282277660885794010e-04
-3.203765272712438480e-04
-3.129909292031972661e-04
-3.060339245953694939e-04
-2.994684661586918882e-04
-2.932575066040946673e-04
-2.873639986425089712e-04
-2.817508949848650723e-04
-2.763811483420940563e-04
-2.712177114251261957e-04
-2.662235369448927931e-04
-2.613615776123240668e-04
-2.565947861383508313e-04
-2.518861152339039013e-04
-2.471985176099136578e-04
-2.424949459773113490e-04
-2.377383530470270848e-04
-2.328916915299921678e-04
-2.279179141371367350e-04
-2.227799735793919262e-04
-2.174408225676880953e-04
-2.118634138129563008e-04
-2.060107000261268695e-04
-1.998544867796805979e-04
-1.934019910922960147e-04
-1.866692828442022539e-04
-1.796724319156274736e-04
-1.724275081868009707e-04
-1.649505815379507677e-04
-1.572577218493062155e-04
-1.493649990010952012e-04
-1.412884828735471842e-04
-1.330442433468901329e-04
-1.246483503013533711e-04
-1.161168736171649485e-04
-1.074658831745541618e-04
-9.871144885374938610e-05
-8.986964053497886089e-05
-8.095652809847204544e-05
-7.198818142445684049e-05
-6.298067039316267819e-05
-5.395006488481745926e-05
-4.491243477965069719e-05
-3.588384995789012328e-05
-2.688038029976537300e-05
-1.791809568550421154e-05
-9.013065995336159151e-06
-1.813611094890792890e-07
8.560949091807584026e-06
1.719779472832595209e-05
2.571310591983651313e-05
3.409081278611147991e-05
4.231484544692129491e-05
5.036913402203816923e-05
5.823760863123250806e-05
6.590419939427654620e-05
7.335283643094082440e-05
8.056744986099736061e-05
8.753196980421677688e-05
9.423032638037119959e-05
1.006464497092311966e-04
1.067642699105684334e-04
1.125677171041544809e-04
1.180407214097601643e-04
1.231672129471573932e-04
1.279311218361168980e-04
1.323163781964105206e-04
1.363069121478092081e-04
1.398866538100845857e-04
1.430395333030077360e-04
1.457494807463500944e-04
1.480004262598829876e-04
1.497762999633777694e-04
1.510658629240113854e-04
1.518771999985833103e-04
1.522232269912988543e-04
1.521168597063632193e-04
1.515710139479813903e-04
1.505986055203587318e-04
1.492125502277002287e-04
1.474257638742115166e-04
1.452511622640972281e-04
1.427016612015629174e-04
1.397901764908134070e-04
1.365296239360542781e-04
1.329329193414907054e-04
1.290129785113275384e-04
1.247827172497703314e-04
1.202550513610236085e-04
1.154428966492935203e-04
1.103591689187846182e-04
1.050167839737024020e-04
9.942865761825128755e-05
9.360770565663747967e-05
8.756684389306585489e-05
8.131898813174147952e-05
7.487705417686890490e-05
6.825395783265455259e-05
6.146261490330300102e-05
5.451594119301945204e-05
4.742685250600842985e-05
4.020826464647635603e-05
3.287309341862783610e-05
2.543425462666804482e-05
1.790466407480153350e-05
1.029723756723477791e-05
2.624890908172220969e-06
-5.099460098180854176e-06
-1.286289964761995041e-05
-2.065251193593848353e-05
-2.845538115893211906e-05
-3.625859151239543832e-05
-4.404922719212416102e-05
-5.181437239391156746e-05
-5.954111131355326893e-05
-6.721652814684400939e-05
-7.482770708957866830e-05
-8.236173233755266724e-05
-8.980568808655953043e-05
-9.714665853239470654e-05
-1.043717278708531022e-04
-1.114679802977300033e-04
-1.184225000088190698e-04
-1.252223711999158045e-04
-1.318546780668148699e-04
-1.383065048053117691e-04
-1.445649356112001889e-04
-1.506170546802754423e-04
-1.564499462083322463e-04
-1.620506943911661580e-04
-1.674063834245709454e-04
-1.725040975043417592e-04
-1.773309208262735331e-04
-1.818739375861614174e-04
-1.861202319797995329e-04
-1.900568882029830299e-04
-1.936709904515067338e-04
-1.969496229211657680e-04
-1.998798698077542801e-04
-2.024488153070674748e-04
-2.046435436149002046e-04
-2.064511389270471862e-04
-2.078586854393033533e-04
-2.088532673474633686e-04
-2.094219688473220574e-04
-2.095518741346744074e-04
-2.092300674053149188e-04
-2.084436328550387692e-04
-2.071796546796405669e-04
-2.054252170749151915e-04
-2.031674042366572784e-04
-2.003933003606619241e-04
-1.970899896427238994e-04
-1.932445562786378943e-04
-1.888440844641984357e-04
-1.838756583952010537e-04
-1.783263622674402212e-04
-1.721832802767107363e-04
-1.654334966188067738e-04
-1.580640954895244058e-04
-1.500621610846578340e-04
-1.414147776000018297e-04
-1.321090292313504590e-04
-1.221320001745000922e-04
-1.114707746252448093e-04
-1.001124367793794354e-04
-8.804407083269874166e-05
-7.525276098099640133e-05
-6.172559142006947585e-05
-4.744964634571173338e-05
-3.241200995371793143e-05
-1.659976643988148241e-05
0.000000000000000000e+00
